# bin ch count power  -- 60 bins x 96 ch, ORDER=1 B0=31932 A1=31096 NUM=49 SHIFT=2 K=11 K_FAST=8 REFRAC=30 WARMUP=2048 WINSOR=1 BIPOLAR=0
0 0 0 7951234
0 1 0 2346582
0 2 0 308288
0 3 0 3736512
0 4 0 320262
0 5 0 1857742
0 6 0 4990738
0 7 0 3254189
0 8 0 899472
0 9 0 3964831
0 10 0 343075
0 11 0 1996198
0 12 0 4983734
0 13 0 1426091
0 14 0 4182563
0 15 0 1404132
0 16 0 431835
0 17 0 5523233
0 18 0 1287316
0 19 0 5841539
0 20 0 1139162
0 21 0 4856468
0 22 0 461795
0 23 0 5174240
0 24 0 3939786
0 25 0 5856237
0 26 0 1985300
0 27 0 4819057
0 28 0 2988025
0 29 0 5625621
0 30 0 5184543
0 31 0 5850424
0 32 0 2758495
0 33 0 931538
0 34 0 4024354
0 35 0 2509717
0 36 0 7203256
0 37 0 3464102
0 38 0 6120582
0 39 0 2936723
0 40 0 3014448
0 41 0 122826
0 42 0 1589143
0 43 0 3348606
0 44 0 2491590
0 45 0 4088938
0 46 0 3967004
0 47 0 2376740
0 48 0 2551446
0 49 0 8110645
0 50 0 2401033
0 51 0 4296061
0 52 0 5963884
0 53 0 247831
0 54 0 14554896
0 55 0 2340693
0 56 0 9785645
0 57 0 2820587
0 58 0 9871091
0 59 0 673637
0 60 0 2912897
0 61 0 2298482
0 62 0 7247894
0 63 0 3256796
0 64 0 1698354
0 65 0 8406626
0 66 0 3008219
0 67 0 9000697
0 68 0 4756242
0 69 0 6757764
0 70 0 2883298
0 71 0 888763
0 72 0 7130549
0 73 0 4958842
0 74 0 1503057
0 75 0 591678
0 76 0 1763266
0 77 0 4413951
0 78 0 21934135
0 79 0 1731298
0 80 0 5779924
0 81 0 9629053
0 82 0 7701312
0 83 0 2362160
0 84 0 1381306
0 85 0 1888159
0 86 0 2259422
0 87 0 1951748
0 88 0 3734429
0 89 0 3544403
0 90 0 7623453
0 91 0 1382611
0 92 0 1098054
0 93 0 1335467
0 94 0 217333
0 95 0 6128842
1 0 0 319829
1 1 0 739604
1 2 0 190983
1 3 0 625836
1 4 0 304566
1 5 0 513719
1 6 0 826764
1 7 0 684773
1 8 0 324751
1 9 0 1256460
1 10 0 267884
1 11 0 107539
1 12 0 401822
1 13 0 170510
1 14 0 802192
1 15 0 168797
1 16 0 752586
1 17 0 326451
1 18 0 418892
1 19 0 173663
1 20 0 530709
1 21 0 97263
1 22 0 352082
1 23 0 206170
1 24 0 535086
1 25 0 246559
1 26 0 328868
1 27 0 108558
1 28 0 231414
1 29 0 162526
1 30 0 889321
1 31 0 175058
1 32 0 358442
1 33 0 102247
1 34 0 668818
1 35 0 193723
1 36 0 691301
1 37 0 450302
1 38 0 389364
1 39 0 392791
1 40 0 591101
1 41 0 52853
1 42 0 873582
1 43 0 234208
1 44 0 582120
1 45 0 243482
1 46 0 327010
1 47 0 423931
1 48 0 231781
1 49 0 701292
1 50 0 153880
1 51 0 1483754
1 52 0 155886
1 53 0 366805
1 54 0 1412084
1 55 0 880811
1 56 0 187714
1 57 0 1548957
1 58 0 252329
1 59 0 712666
1 60 0 1141051
1 61 0 511711
1 62 0 800711
1 63 0 1438662
1 64 0 244827
1 65 0 1770196
1 66 0 626630
1 67 0 1597998
1 68 0 172521
1 69 0 2321300
1 70 0 1002119
1 71 0 881962
1 72 0 419601
1 73 0 1382602
1 74 0 198100
1 75 0 2638236
1 76 0 382689
1 77 0 1286388
1 78 0 2695138
1 79 0 860751
1 80 0 185707
1 81 0 538521
1 82 0 1213443
1 83 0 672726
1 84 0 214814
1 85 0 376024
1 86 0 1100270
1 87 0 622656
1 88 0 155941
1 89 0 223392
1 90 0 1580076
1 91 0 157299
1 92 0 218775
1 93 0 144083
1 94 0 345000
1 95 0 233073
2 0 0 662200
2 1 0 1070298
2 2 0 351823
2 3 0 2454213
2 4 0 475029
2 5 0 630154
2 6 0 417263
2 7 0 904686
2 8 0 7845300
2 9 0 395009
2 10 0 512203
2 11 0 154359
2 12 0 543563
2 13 0 184162
2 14 0 1051521
2 15 0 184788
2 16 0 575053
2 17 0 441894
2 18 0 574963
2 19 0 156605
2 20 0 474139
2 21 0 364923
2 22 0 312151
2 23 0 242575
2 24 0 518114
2 25 0 405410
2 26 0 250998
2 27 0 390257
2 28 0 511969
2 29 0 541942
2 30 0 266973
2 31 0 558353
2 32 0 546672
2 33 0 146011
2 34 0 795002
2 35 0 221655
2 36 0 776897
2 37 0 357960
2 38 0 1151684
2 39 0 344096
2 40 0 832207
2 41 0 63238
2 42 0 1281880
2 43 0 440784
2 44 0 796770
2 45 0 581137
2 46 0 1891692
2 47 0 444818
2 48 0 812337
2 49 0 1116166
2 50 0 410955
2 51 0 545121
2 52 0 203898
2 53 0 638560
2 54 0 5421363
2 55 0 501253
2 56 0 337022
2 57 0 2653788
2 58 0 479577
2 59 0 339389
2 60 0 4618165
2 61 0 491417
2 62 0 795041
2 63 0 3027988
2 64 0 347758
2 65 0 1127219
2 66 0 1058726
2 67 0 4791146
2 68 0 221775
2 69 0 709456
2 70 0 2422970
2 71 0 407347
2 72 0 2016087
2 73 0 2655095
2 74 0 1080681
2 75 0 2048866
2 76 0 1039109
2 77 0 3544444
2 78 0 4308092
2 79 0 571155
2 80 0 562486
2 81 0 1655914
2 82 0 808391
2 83 0 2829701
2 84 0 451819
2 85 0 608681
2 86 0 753751
2 87 0 692934
2 88 0 272166
2 89 0 219115
2 90 0 1156144
2 91 0 566749
2 92 0 381587
2 93 0 363887
2 94 0 1057987
2 95 0 455477
3 0 0 182174
3 1 0 617097
3 2 0 334279
3 3 0 269768
3 4 0 188295
3 5 0 304498
3 6 0 590527
3 7 0 328893
3 8 0 895611
3 9 0 1271475
3 10 0 308901
3 11 0 353567
3 12 0 370295
3 13 0 155648
3 14 0 437783
3 15 0 150918
3 16 0 410967
3 17 0 344007
3 18 0 238305
3 19 0 559867
3 20 0 417933
3 21 0 671925
3 22 0 216765
3 23 0 621616
3 24 0 1257725
3 25 0 958198
3 26 0 516037
3 27 0 302557
3 28 0 365366
3 29 0 305298
3 30 0 657034
3 31 0 320769
3 32 0 293846
3 33 0 150336
3 34 0 379305
3 35 0 244031
3 36 0 275977
3 37 0 669300
3 38 0 869118
3 39 0 287532
3 40 0 436020
3 41 0 92811
3 42 0 470491
3 43 0 501400
3 44 0 722970
3 45 0 412019
3 46 0 264223
3 47 0 817183
3 48 0 496895
3 49 0 458204
3 50 0 355938
3 51 0 615881
3 52 0 551204
3 53 0 188830
3 54 0 771351
3 55 0 249755
3 56 0 775623
3 57 0 788166
3 58 0 359845
3 59 0 187969
3 60 0 547967
3 61 0 248095
3 62 0 225560
3 63 0 842999
3 64 0 170207
3 65 0 477378
3 66 0 377605
3 67 0 807949
3 68 0 111938
3 69 0 213864
3 70 0 543669
3 71 0 467238
3 72 0 737852
3 73 0 673218
3 74 0 532401
3 75 0 931820
3 76 0 305883
3 77 0 734639
3 78 0 6201220
3 79 0 590449
3 80 0 304030
3 81 0 1002064
3 82 0 596506
3 83 0 853957
3 84 0 298664
3 85 0 338678
3 86 0 372386
3 87 0 238370
3 88 0 229697
3 89 0 760421
3 90 0 239414
3 91 0 290303
3 92 0 391435
3 93 0 512689
3 94 0 459398
3 95 0 423511
4 0 0 235248
4 1 0 585917
4 2 0 274033
4 3 0 255506
4 4 0 271621
4 5 0 379425
4 6 0 568791
4 7 0 376006
4 8 0 5224601
4 9 0 467164
4 10 0 167935
4 11 0 243182
4 12 0 354608
4 13 0 164523
4 14 0 604342
4 15 0 154534
4 16 0 348797
4 17 0 124869
4 18 0 341751
4 19 0 218028
4 20 0 253095
4 21 0 192862
4 22 0 213456
4 23 0 241234
4 24 0 222353
4 25 0 556712
4 26 0 425294
4 27 0 280811
4 28 0 191122
4 29 0 159820
4 30 0 312513
4 31 0 164711
4 32 0 352972
4 33 0 97920
4 34 0 351609
4 35 0 226094
4 36 0 577852
4 37 0 273643
4 38 0 504008
4 39 0 227315
4 40 0 519442
4 41 0 89588
4 42 0 513208
4 43 0 359057
4 44 0 337837
4 45 0 564609
4 46 0 1137555
4 47 0 211760
4 48 0 1508870
4 49 0 265886
4 50 0 400713
4 51 0 1972524
4 52 0 455057
4 53 0 287497
4 54 0 3864751
4 55 0 339427
4 56 0 191971
4 57 0 2712381
4 58 0 319101
4 59 0 327292
4 60 0 4675308
4 61 0 511132
4 62 0 1226329
4 63 0 3127939
4 64 0 258561
4 65 0 395481
4 66 0 736668
4 67 0 4618386
4 68 0 394233
4 69 0 738418
4 70 0 2283080
4 71 0 351518
4 72 0 932378
4 73 0 688400
4 74 0 224944
4 75 0 418101
4 76 0 586139
4 77 0 2545827
4 78 0 4595735
4 79 0 610933
4 80 0 165280
4 81 0 602446
4 82 0 227934
4 83 0 694617
4 84 0 253765
4 85 0 333804
4 86 0 518191
4 87 0 420238
4 88 0 253064
4 89 0 441149
4 90 0 624744
4 91 0 136199
4 92 0 691635
4 93 0 198904
4 94 0 456555
4 95 0 179481
5 0 0 432655
5 1 0 1086680
5 2 0 259039
5 3 0 1021202
5 4 0 315982
5 5 0 253809
5 6 0 511823
5 7 0 751771
5 8 0 3930668
5 9 0 464657
5 10 0 259399
5 11 0 253120
5 12 0 299022
5 13 0 156072
5 14 0 772342
5 15 0 157860
5 16 0 249358
5 17 0 669530
5 18 0 379116
5 19 0 399713
5 20 0 512991
5 21 0 273247
5 22 0 241387
5 23 0 237844
5 24 0 320588
5 25 0 593195
5 26 0 226681
5 27 0 187468
5 28 0 279550
5 29 0 393040
5 30 0 404536
5 31 0 402588
5 32 0 467540
5 33 0 165539
5 34 0 609006
5 35 0 169024
5 36 0 397360
5 37 0 258623
5 38 0 611965
5 39 0 246157
5 40 0 449553
5 41 0 70002
5 42 0 453501
5 43 0 234134
5 44 0 435259
5 45 0 346393
5 46 0 674704
5 47 0 218695
5 48 0 385258
5 49 0 378181
5 50 0 227087
5 51 0 782450
5 52 0 268914
5 53 0 255735
5 54 0 2028897
5 55 0 194545
5 56 0 234905
5 57 0 2081622
5 58 0 279892
5 59 0 564522
5 60 0 3531342
5 61 0 615326
5 62 0 524950
5 63 0 2374806
5 64 0 350682
5 65 0 288807
5 66 0 254334
5 67 0 3084519
5 68 0 135149
5 69 0 524352
5 70 0 1909649
5 71 0 308628
5 72 0 944743
5 73 0 531707
5 74 0 210557
5 75 0 597443
5 76 0 464022
5 77 0 2426624
5 78 0 6823387
5 79 0 571550
5 80 0 424955
5 81 0 234695
5 82 0 693083
5 83 0 645174
5 84 0 704068
5 85 0 432104
5 86 0 375712
5 87 0 335608
5 88 0 155094
5 89 0 364177
5 90 0 829557
5 91 0 100093
5 92 0 463534
5 93 0 272090
5 94 0 319761
5 95 0 122737
6 0 0 324594
6 1 0 780139
6 2 0 259255
6 3 0 462367
6 4 0 336012
6 5 0 239046
6 6 0 853966
6 7 0 888118
6 8 0 567987
6 9 0 202644
6 10 0 228585
6 11 0 167466
6 12 0 626362
6 13 0 121709
6 14 0 864615
6 15 0 133001
6 16 0 273191
6 17 0 141632
6 18 0 1103222
6 19 0 113695
6 20 0 269178
6 21 0 179214
6 22 0 318196
6 23 0 300072
6 24 0 600519
6 25 0 492067
6 26 0 274392
6 27 0 341078
6 28 0 333648
6 29 0 393862
6 30 0 1000855
6 31 0 397074
6 32 0 311537
6 33 0 115802
6 34 0 556950
6 35 0 282907
6 36 0 245575
6 37 0 557046
6 38 0 711681
6 39 0 529049
6 40 0 600981
6 41 0 95462
6 42 0 662120
6 43 0 492370
6 44 0 477354
6 45 0 405285
6 46 0 302592
6 47 0 815845
6 48 0 437982
6 49 0 426575
6 50 0 224304
6 51 0 426707
6 52 0 231737
6 53 0 226389
6 54 0 1403063
6 55 0 260411
6 56 0 826288
6 57 0 1060383
6 58 0 295260
6 59 0 280126
6 60 0 615012
6 61 0 972372
6 62 0 294014
6 63 0 913300
6 64 0 144417
6 65 0 729515
6 66 0 544494
6 67 0 1042553
6 68 0 219065
6 69 0 591091
6 70 0 744058
6 71 0 561825
6 72 0 1147802
6 73 0 614225
6 74 0 239664
6 75 0 641595
6 76 0 442577
6 77 0 944462
6 78 0 2422574
6 79 0 393911
6 80 0 364291
6 81 0 463620
6 82 0 701504
6 83 0 995403
6 84 0 328658
6 85 0 164919
6 86 0 548374
6 87 0 467505
6 88 0 211731
6 89 0 522910
6 90 0 949582
6 91 0 104139
6 92 0 528520
6 93 0 300153
6 94 0 226010
6 95 0 414252
7 0 0 222486
7 1 0 336050
7 2 0 327798
7 3 0 445918
7 4 0 179058
7 5 0 724772
7 6 0 276449
7 7 0 314105
7 8 0 6418141
7 9 0 269293
7 10 0 382086
7 11 0 217719
7 12 0 414046
7 13 0 109908
7 14 0 509296
7 15 0 114697
7 16 0 376440
7 17 0 155808
7 18 0 421238
7 19 0 128165
7 20 0 280418
7 21 0 93555
7 22 0 373880
7 23 0 114237
7 24 0 550808
7 25 0 137882
7 26 0 323793
7 27 0 168093
7 28 0 288685
7 29 0 116164
7 30 0 281073
7 31 0 113239
7 32 0 263450
7 33 0 108494
7 34 0 315078
7 35 0 200165
7 36 0 397899
7 37 0 237712
7 38 0 620492
7 39 0 219126
7 40 0 547377
7 41 0 89705
7 42 0 405447
7 43 0 193103
7 44 0 493320
7 45 0 309199
7 46 0 1471257
7 47 0 315677
7 48 0 265829
7 49 0 482028
7 50 0 208946
7 51 0 226767
7 52 0 217992
7 53 0 119099
7 54 0 4611701
7 55 0 191471
7 56 0 625028
7 57 0 2141648
7 58 0 176755
7 59 0 217745
7 60 0 5261270
7 61 0 348705
7 62 0 326906
7 63 0 2821302
7 64 0 182675
7 65 0 412529
7 66 0 423619
7 67 0 4136937
7 68 0 206833
7 69 0 467345
7 70 0 2139995
7 71 0 519986
7 72 0 483382
7 73 0 238494
7 74 0 159268
7 75 0 791396
7 76 0 224993
7 77 0 2737473
7 78 0 4774880
7 79 0 447761
7 80 0 130234
7 81 0 635367
7 82 0 321262
7 83 0 919086
7 84 0 160579
7 85 0 224054
7 86 0 317908
7 87 0 366246
7 88 0 119581
7 89 0 265646
7 90 0 282620
7 91 0 180711
7 92 0 232239
7 93 0 139600
7 94 0 217547
7 95 0 98262
8 0 0 274557
8 1 0 287063
8 2 0 175295
8 3 0 288187
8 4 0 428872
8 5 0 360727
8 6 0 351053
8 7 0 256912
8 8 0 1036599
8 9 0 376629
8 10 0 882345
8 11 0 129572
8 12 0 220907
8 13 0 165415
8 14 0 419589
8 15 0 176383
8 16 0 342647
8 17 0 285362
8 18 0 353846
8 19 0 173970
8 20 0 209625
8 21 0 197300
8 22 0 201167
8 23 0 151302
8 24 0 737563
8 25 0 352509
8 26 0 198883
8 27 0 138223
8 28 0 163685
8 29 0 104304
8 30 0 335039
8 31 0 99687
8 32 0 299469
8 33 0 39561
8 34 0 395027
8 35 0 134232
8 36 0 295079
8 37 0 499190
8 38 0 1038053
8 39 0 332361
8 40 0 321033
8 41 0 87669
8 42 0 309964
8 43 0 350666
8 44 0 361557
8 45 0 402444
8 46 0 528482
8 47 0 228710
8 48 0 464671
8 49 0 227840
8 50 0 172918
8 51 0 314618
8 52 0 273272
8 53 0 351529
8 54 0 1999114
8 55 0 225655
8 56 0 262477
8 57 0 1719556
8 58 0 149859
8 59 0 197253
8 60 0 1211854
8 61 0 172988
8 62 0 606283
8 63 0 1612759
8 64 0 290502
8 65 0 499912
8 66 0 423517
8 67 0 1680794
8 68 0 216337
8 69 0 286375
8 70 0 1149673
8 71 0 387185
8 72 0 730800
8 73 0 656574
8 74 0 105262
8 75 0 231888
8 76 0 354423
8 77 0 1550646
8 78 0 7883206
8 79 0 333955
8 80 0 108380
8 81 0 264546
8 82 0 215243
8 83 0 286255
8 84 0 193305
8 85 0 263351
8 86 0 318904
8 87 0 204693
8 88 0 127141
8 89 0 323497
8 90 0 607540
8 91 0 123240
8 92 0 165077
8 93 0 138902
8 94 0 189658
8 95 0 159471
9 0 0 287650
9 1 0 1305329
9 2 0 227151
9 3 0 321313
9 4 0 258610
9 5 0 310972
9 6 0 633413
9 7 0 340024
9 8 0 4183857
9 9 0 310255
9 10 0 320987
9 11 0 308661
9 12 0 220028
9 13 0 175463
9 14 0 890786
9 15 0 180385
9 16 0 233126
9 17 0 340778
9 18 0 570648
9 19 0 152052
9 20 0 129179
9 21 0 105158
9 22 0 222973
9 23 0 170289
9 24 0 304545
9 25 0 266681
9 26 0 312537
9 27 0 141008
9 28 0 257646
9 29 0 236170
9 30 0 320949
9 31 0 241278
9 32 0 532499
9 33 0 78196
9 34 0 211311
9 35 0 203922
9 36 0 238698
9 37 0 301249
9 38 0 622411
9 39 0 246033
9 40 0 355268
9 41 0 52821
9 42 0 529786
9 43 0 314620
9 44 0 324472
9 45 0 430089
9 46 0 1178999
9 47 0 181842
9 48 0 236420
9 49 0 500194
9 50 0 145268
9 51 0 1141022
9 52 0 313873
9 53 0 165880
9 54 0 5253517
9 55 0 178728
9 56 0 351836
9 57 0 2653649
9 58 0 238256
9 59 0 223579
9 60 0 4426066
9 61 0 813415
9 62 0 753605
9 63 0 2701576
9 64 0 541935
9 65 0 951487
9 66 0 1525448
9 67 0 3893238
9 68 0 148762
9 69 0 320630
9 70 0 1911832
9 71 0 394071
9 72 0 508248
9 73 0 395331
9 74 0 321991
9 75 0 603497
9 76 0 353642
9 77 0 2768596
9 78 0 15552990
9 79 0 959615
9 80 0 231967
9 81 0 1579795
9 82 0 420805
9 83 0 515581
9 84 0 221488
9 85 0 315752
9 86 0 425937
9 87 0 151793
9 88 0 214009
9 89 0 162635
9 90 0 401529
9 91 0 160947
9 92 0 238237
9 93 0 192292
9 94 0 589944
9 95 0 400598
10 0 0 157734
10 1 0 533067
10 2 0 155927
10 3 0 595400
10 4 0 226807
10 5 0 324620
10 6 0 1037526
10 7 0 238163
10 8 0 2973343
10 9 0 146239
10 10 0 262448
10 11 0 181419
10 12 0 233848
10 13 0 210854
10 14 0 631624
10 15 0 209729
10 16 0 277727
10 17 0 159215
10 18 0 304260
10 19 0 218392
10 20 0 417303
10 21 0 73797
10 22 0 291634
10 23 0 151173
10 24 0 681175
10 25 0 324811
10 26 0 159607
10 27 0 239351
10 28 0 150919
10 29 0 420531
10 30 0 369514
10 31 0 445894
10 32 0 251985
10 33 0 117537
10 34 0 253272
10 35 0 184209
10 36 0 310721
10 37 0 254603
10 38 0 482362
10 39 0 241602
10 40 0 279201
10 41 0 56361
10 42 0 336237
10 43 0 165251
10 44 0 759276
10 45 0 300141
10 46 0 681776
10 47 0 440489
10 48 0 294969
10 49 0 590379
10 50 0 248337
10 51 0 1547444
10 52 0 293378
10 53 0 335002
10 54 0 1867038
10 55 0 372175
10 56 0 659162
10 57 0 1325601
10 58 0 360015
10 59 0 360013
10 60 0 2111284
10 61 0 505953
10 62 0 412293
10 63 0 1523362
10 64 0 327576
10 65 0 1499803
10 66 0 793290
10 67 0 1856094
10 68 0 207120
10 69 0 751476
10 70 0 1152506
10 71 0 230558
10 72 0 303537
10 73 0 1333423
10 74 0 141740
10 75 0 438173
10 76 0 560780
10 77 0 1514537
10 78 0 6963744
10 79 0 472851
10 80 0 436530
10 81 0 1067039
10 82 0 1425278
10 83 0 219282
10 84 0 402884
10 85 0 264312
10 86 0 875140
10 87 0 372415
10 88 0 318463
10 89 0 423939
10 90 0 1002150
10 91 0 117437
10 92 0 194587
10 93 0 102448
10 94 0 257619
10 95 0 174013
11 0 0 683982
11 1 0 616558
11 2 0 598240
11 3 0 255839
11 4 0 278277
11 5 0 262065
11 6 0 550954
11 7 0 555086
11 8 0 593985
11 9 0 1332050
11 10 0 238139
11 11 0 315741
11 12 0 739187
11 13 0 278789
11 14 0 1214745
11 15 0 293954
11 16 0 443234
11 17 0 517544
11 18 0 685958
11 19 0 312099
11 20 0 166428
11 21 0 340445
11 22 0 303001
11 23 0 135748
11 24 0 972987
11 25 0 413438
11 26 0 328001
11 27 0 219727
11 28 0 197705
11 29 0 332009
11 30 0 1026443
11 31 0 343048
11 32 0 268197
11 33 0 125854
11 34 0 510009
11 35 0 413980
11 36 0 620792
11 37 0 562998
11 38 0 555673
11 39 0 492046
11 40 0 467599
11 41 0 99685
11 42 0 358228
11 43 0 410713
11 44 0 567340
11 45 0 1002539
11 46 0 353389
11 47 0 561904
11 48 0 950667
11 49 0 510350
11 50 0 469942
11 51 0 639054
11 52 0 560852
11 53 0 469847
11 54 0 2004355
11 55 0 691793
11 56 0 1404324
11 57 0 1842321
11 58 0 659132
11 59 0 696188
11 60 0 1303264
11 61 0 739823
11 62 0 488326
11 63 0 1595165
11 64 0 510896
11 65 0 558303
11 66 0 920358
11 67 0 1655224
11 68 0 238486
11 69 0 412278
11 70 0 1126873
11 71 0 499190
11 72 0 466144
11 73 0 714365
11 74 0 620607
11 75 0 1721748
11 76 0 189548
11 77 0 1661194
11 78 0 9513204
11 79 0 428939
11 80 0 354834
11 81 0 509483
11 82 0 881216
11 83 0 731836
11 84 0 380829
11 85 0 359723
11 86 0 917890
11 87 0 319997
11 88 0 164848
11 89 0 308230
11 90 0 964413
11 91 0 156925
11 92 0 149193
11 93 0 321707
11 94 0 381596
11 95 0 583702
12 0 0 438091
12 1 0 1616978
12 2 0 300248
12 3 0 252607
12 4 0 276346
12 5 0 367312
12 6 0 470635
12 7 0 365814
12 8 0 7207546
12 9 0 459295
12 10 0 204014
12 11 0 554309
12 12 0 439170
12 13 0 280068
12 14 0 916173
12 15 0 284710
12 16 0 717613
12 17 0 195612
12 18 0 1236828
12 19 0 656657
12 20 0 299593
12 21 0 437069
12 22 0 281693
12 23 0 502695
12 24 0 590420
12 25 0 284328
12 26 0 222643
12 27 0 343574
12 28 0 261791
12 29 0 385784
12 30 0 421258
12 31 0 367656
12 32 0 204982
12 33 0 211801
12 34 0 222441
12 35 0 250360
12 36 0 405077
12 37 0 467232
12 38 0 514705
12 39 0 678802
12 40 0 499701
12 41 0 86422
12 42 0 611498
12 43 0 219032
12 44 0 903241
12 45 0 286020
12 46 0 1650009
12 47 0 294404
12 48 0 484010
12 49 0 459559
12 50 0 273706
12 51 0 647563
12 52 0 332987
12 53 0 195408
12 54 0 5263619
12 55 0 194770
12 56 0 923621
12 57 0 1909656
12 58 0 319151
12 59 0 238782
12 60 0 5633533
12 61 0 306386
12 62 0 495342
12 63 0 2505368
12 64 0 689359
12 65 0 320121
12 66 0 555492
12 67 0 5048081
12 68 0 326917
12 69 0 454827
12 70 0 2081467
12 71 0 836280
12 72 0 1548305
12 73 0 756188
12 74 0 686222
12 75 0 1263890
12 76 0 619326
12 77 0 2793635
12 78 0 6444414
12 79 0 381228
12 80 0 335933
12 81 0 238040
12 82 0 375413
12 83 0 1105602
12 84 0 236049
12 85 0 263544
12 86 0 321833
12 87 0 382638
12 88 0 291173
12 89 0 282308
12 90 0 399377
12 91 0 341404
12 92 0 607115
12 93 0 261030
12 94 0 876104
12 95 0 461885
13 0 0 150604
13 1 0 305233
13 2 0 143687
13 3 0 273811
13 4 0 142454
13 5 0 275346
13 6 0 374080
13 7 0 251887
13 8 0 825577
13 9 0 278634
13 10 0 307711
13 11 0 145360
13 12 0 325747
13 13 0 82426
13 14 0 609518
13 15 0 68266
13 16 0 171970
13 17 0 327133
13 18 0 457384
13 19 0 316402
13 20 0 221121
13 21 0 125945
13 22 0 177626
13 23 0 175189
13 24 0 251312
13 25 0 144724
13 26 0 119345
13 27 0 163199
13 28 0 91004
13 29 0 185747
13 30 0 99035
13 31 0 181222
13 32 0 194723
13 33 0 76774
13 34 0 152447
13 35 0 137368
13 36 0 154132
13 37 0 203001
13 38 0 238484
13 39 0 201720
13 40 0 324281
13 41 0 82965
13 42 0 453711
13 43 0 254937
13 44 0 533950
13 45 0 210605
13 46 0 288902
13 47 0 194472
13 48 0 210771
13 49 0 484217
13 50 0 201914
13 51 0 1413157
13 52 0 265230
13 53 0 176156
13 54 0 1732840
13 55 0 281709
13 56 0 633225
13 57 0 2103805
13 58 0 400129
13 59 0 366547
13 60 0 1249256
13 61 0 316908
13 62 0 380867
13 63 0 1846394
13 64 0 333963
13 65 0 1090494
13 66 0 455702
13 67 0 1823107
13 68 0 192916
13 69 0 572993
13 70 0 1174967
13 71 0 544072
13 72 0 831368
13 73 0 1218741
13 74 0 462654
13 75 0 1221047
13 76 0 259396
13 77 0 1475138
13 78 0 9970228
13 79 0 289099
13 80 0 159958
13 81 0 530089
13 82 0 353920
13 83 0 373902
13 84 0 200108
13 85 0 194119
13 86 0 430997
13 87 0 255487
13 88 0 129415
13 89 0 525808
13 90 0 481522
13 91 0 362600
13 92 0 190772
13 93 0 219746
13 94 0 216082
13 95 0 314821
14 0 0 308742
14 1 0 371664
14 2 0 241348
14 3 0 522046
14 4 0 295036
14 5 0 342682
14 6 0 706842
14 7 0 251924
14 8 0 5887177
14 9 0 1627236
14 10 0 305792
14 11 0 485592
14 12 0 207382
14 13 0 352997
14 14 0 570041
14 15 0 342061
14 16 0 193179
14 17 0 579599
14 18 0 491232
14 19 0 198607
14 20 0 584422
14 21 0 170905
14 22 0 190641
14 23 0 138761
14 24 0 321930
14 25 0 362188
14 26 0 221882
14 27 0 159223
14 28 0 275203
14 29 0 152502
14 30 0 340910
14 31 0 163274
14 32 0 255922
14 33 0 149698
14 34 0 265328
14 35 0 216616
14 36 0 287654
14 37 0 520464
14 38 0 182827
14 39 0 376835
14 40 0 299011
14 41 0 75280
14 42 0 206356
14 43 0 208421
14 44 0 458739
14 45 0 264925
14 46 0 1097416
14 47 0 195452
14 48 0 903627
14 49 0 780499
14 50 0 572331
14 51 0 475972
14 52 0 257742
14 53 0 247804
14 54 0 5482415
14 55 0 540994
14 56 0 567207
14 57 0 2689362
14 58 0 137873
14 59 0 786390
14 60 0 5043421
14 61 0 888078
14 62 0 544794
14 63 0 3471943
14 64 0 197416
14 65 0 436377
14 66 0 209524
14 67 0 4681757
14 68 0 110054
14 69 0 598044
14 70 0 2778890
14 71 0 501566
14 72 0 817841
14 73 0 614850
14 74 0 245264
14 75 0 1542260
14 76 0 627114
14 77 0 3214692
14 78 0 9170103
14 79 0 818560
14 80 0 170794
14 81 0 578663
14 82 0 761073
14 83 0 572976
14 84 0 255961
14 85 0 482278
14 86 0 409334
14 87 0 223150
14 88 0 289351
14 89 0 404207
14 90 0 469046
14 91 0 131446
14 92 0 388502
14 93 0 227103
14 94 0 535693
14 95 0 469775
15 0 0 517012
15 1 0 778340
15 2 0 367302
15 3 0 220538
15 4 0 398181
15 5 0 448602
15 6 0 571199
15 7 0 553502
15 8 0 3025556
15 9 0 390108
15 10 0 347382
15 11 0 412755
15 12 0 718901
15 13 0 184722
15 14 0 465449
15 15 0 189788
15 16 0 432402
15 17 0 394970
15 18 0 433481
15 19 0 244218
15 20 0 664100
15 21 0 169505
15 22 0 308369
15 23 0 247892
15 24 0 787490
15 25 0 443636
15 26 0 344413
15 27 0 221480
15 28 0 334666
15 29 0 465545
15 30 0 1121561
15 31 0 450408
15 32 0 387589
15 33 0 135140
15 34 0 542696
15 35 0 361731
15 36 0 497486
15 37 0 388377
15 38 0 410130
15 39 0 340159
15 40 0 283314
15 41 0 78650
15 42 0 486899
15 43 0 322152
15 44 0 502604
15 45 0 572358
15 46 0 538744
15 47 0 576932
15 48 0 405991
15 49 0 280884
15 50 0 174646
15 51 0 230848
15 52 0 266739
15 53 0 314159
15 54 0 1556811
15 55 0 310254
15 56 0 685957
15 57 0 1480045
15 58 0 293014
15 59 0 190563
15 60 0 2342326
15 61 0 302403
15 62 0 477085
15 63 0 1479849
15 64 0 278104
15 65 0 142670
15 66 0 294696
15 67 0 1802423
15 68 0 245091
15 69 0 314191
15 70 0 906299
15 71 0 248542
15 72 0 1019541
15 73 0 304633
15 74 0 190150
15 75 0 570811
15 76 0 648216
15 77 0 1472224
15 78 0 5797450
15 79 0 477624
15 80 0 455487
15 81 0 350924
15 82 0 475012
15 83 0 457075
15 84 0 370400
15 85 0 394617
15 86 0 503111
15 87 0 384468
15 88 0 234701
15 89 0 366887
15 90 0 261017
15 91 0 168412
15 92 0 208866
15 93 0 164982
15 94 0 383936
15 95 0 300919
16 0 0 347824
16 1 0 440009
16 2 0 133317
16 3 0 338336
16 4 0 293681
16 5 0 311613
16 6 0 423264
16 7 0 421233
16 8 0 765011
16 9 0 214276
16 10 0 192077
16 11 0 165372
16 12 0 287173
16 13 0 111907
16 14 0 886299
16 15 0 98950
16 16 0 238674
16 17 0 160542
16 18 0 283497
16 19 0 149655
16 20 0 348032
16 21 0 106811
16 22 0 289108
16 23 0 134397
16 24 0 224035
16 25 0 178376
16 26 0 147419
16 27 0 140336
16 28 0 125088
16 29 0 163135
16 30 0 213518
16 31 0 170679
16 32 0 208936
16 33 0 48412
16 34 0 198189
16 35 0 103947
16 36 0 210130
16 37 0 203251
16 38 0 347779
16 39 0 345941
16 40 0 225731
16 41 0 97577
16 42 0 283564
16 43 0 197695
16 44 0 323492
16 45 0 502627
16 46 0 280411
16 47 0 200608
16 48 0 89765
16 49 0 424847
16 50 0 95849
16 51 0 524155
16 52 0 81531
16 53 0 249369
16 54 0 1221346
16 55 0 141480
16 56 0 349797
16 57 0 1472652
16 58 0 161072
16 59 0 218051
16 60 0 1046205
16 61 0 305638
16 62 0 1215004
16 63 0 1493917
16 64 0 297119
16 65 0 333811
16 66 0 1039348
16 67 0 1395326
16 68 0 249814
16 69 0 380929
16 70 0 1051481
16 71 0 199215
16 72 0 548789
16 73 0 642045
16 74 0 160901
16 75 0 839234
16 76 0 230437
16 77 0 1317295
16 78 0 9099095
16 79 0 506481
16 80 0 154157
16 81 0 147181
16 82 0 304622
16 83 0 1154509
16 84 0 85908
16 85 0 178990
16 86 0 316036
16 87 0 455055
16 88 0 160478
16 89 0 167503
16 90 0 356670
16 91 0 208229
16 92 0 129125
16 93 0 209134
16 94 0 162479
16 95 0 61854
17 0 0 125666
17 1 0 283478
17 2 0 127063
17 3 0 301265
17 4 0 147003
17 5 0 229456
17 6 0 570550
17 7 0 157696
17 8 0 6999181
17 9 0 346419
17 10 0 257057
17 11 0 225835
17 12 0 247032
17 13 0 103263
17 14 0 1789393
17 15 0 104612
17 16 0 215921
17 17 0 261565
17 18 0 284271
17 19 0 194207
17 20 0 197735
17 21 0 92356
17 22 0 172766
17 23 0 124104
17 24 0 581091
17 25 0 211392
17 26 0 240434
17 27 0 144867
17 28 0 148050
17 29 0 124714
17 30 0 622653
17 31 0 122203
17 32 0 139116
17 33 0 56343
17 34 0 191759
17 35 0 351323
17 36 0 449601
17 37 0 194484
17 38 0 215483
17 39 0 128564
17 40 0 432528
17 41 0 92533
17 42 0 204380
17 43 0 222683
17 44 0 335820
17 45 0 275566
17 46 0 829718
17 47 0 183606
17 48 0 265276
17 49 0 261996
17 50 0 149283
17 51 0 693415
17 52 0 166732
17 53 0 271147
17 54 0 4381452
17 55 0 272133
17 56 0 450243
17 57 0 2551245
17 58 0 175498
17 59 0 558046
17 60 0 4000396
17 61 0 363813
17 62 0 408872
17 63 0 2503878
17 64 0 323689
17 65 0 395942
17 66 0 1064006
17 67 0 3622704
17 68 0 214766
17 69 0 475784
17 70 0 1790727
17 71 0 363796
17 72 0 434816
17 73 0 922380
17 74 0 145537
17 75 0 677485
17 76 0 184156
17 77 0 2253276
17 78 0 5617038
17 79 0 660667
17 80 0 126179
17 81 0 162414
17 82 0 190193
17 83 0 615350
17 84 0 156702
17 85 0 179527
17 86 0 355762
17 87 0 222516
17 88 0 161000
17 89 0 194952
17 90 0 830266
17 91 0 213104
17 92 0 377919
17 93 0 150541
17 94 0 337698
17 95 0 155090
18 0 0 153148
18 1 0 1045502
18 2 0 282828
18 3 0 595691
18 4 0 310140
18 5 0 221536
18 6 0 1901292
18 7 0 1300453
18 8 0 1244673
18 9 0 1430153
18 10 0 359018
18 11 0 184549
18 12 0 440499
18 13 0 245262
18 14 0 1793339
18 15 0 259597
18 16 0 407962
18 17 0 330283
18 18 0 1653000
18 19 0 416024
18 20 0 537090
18 21 0 93543
18 22 0 402875
18 23 0 250862
18 24 0 832432
18 25 0 176308
18 26 0 187969
18 27 0 154969
18 28 0 207948
18 29 0 313691
18 30 0 608958
18 31 0 322458
18 32 0 291047
18 33 0 114340
18 34 0 442026
18 35 0 302709
18 36 0 322234
18 37 0 181346
18 38 0 316837
18 39 0 303601
18 40 0 720414
18 41 0 95933
18 42 0 528490
18 43 0 344664
18 44 0 587037
18 45 0 316761
18 46 0 393439
18 47 0 380241
18 48 0 903656
18 49 0 499777
18 50 0 120280
18 51 0 1191974
18 52 0 242135
18 53 0 195568
18 54 0 2171852
18 55 0 714544
18 56 0 253263
18 57 0 2237473
18 58 0 214881
18 59 0 607446
18 60 0 1904509
18 61 0 526555
18 62 0 356610
18 63 0 2188214
18 64 0 192029
18 65 0 1908094
18 66 0 730929
18 67 0 2291536
18 68 0 289292
18 69 0 709647
18 70 0 1474015
18 71 0 493997
18 72 0 668291
18 73 0 1429345
18 74 0 203960
18 75 0 1669914
18 76 0 404307
18 77 0 2235067
18 78 0 4514314
18 79 0 488481
18 80 0 294284
18 81 0 903820
18 82 0 692109
18 83 0 575062
18 84 0 210693
18 85 0 291707
18 86 0 408563
18 87 0 362044
18 88 0 166567
18 89 0 223505
18 90 0 876445
18 91 0 166009
18 92 0 279407
18 93 0 287878
18 94 0 284011
18 95 0 168604
19 0 0 338061
19 1 0 455525
19 2 0 323556
19 3 0 927834
19 4 0 202910
19 5 0 325615
19 6 0 599461
19 7 0 598676
19 8 0 4385814
19 9 0 380906
19 10 0 356412
19 11 0 179436
19 12 0 272321
19 13 0 150466
19 14 0 825656
19 15 0 160315
19 16 0 580180
19 17 0 159076
19 18 0 1049772
19 19 0 212056
19 20 0 407968
19 21 0 103761
19 22 0 334087
19 23 0 198370
19 24 0 324334
19 25 0 149834
19 26 0 381959
19 27 0 199589
19 28 0 157963
19 29 0 336845
19 30 0 221117
19 31 0 320975
19 32 0 163992
19 33 0 89361
19 34 0 266772
19 35 0 135905
19 36 0 456711
19 37 0 257980
19 38 0 632393
19 39 0 199957
19 40 0 370134
19 41 0 90036
19 42 0 349195
19 43 0 289655
19 44 0 705879
19 45 0 310835
19 46 0 1073571
19 47 0 399295
19 48 0 627986
19 49 0 953554
19 50 0 280097
19 51 0 755509
19 52 0 211864
19 53 0 255827
19 54 0 3859748
19 55 0 340787
19 56 0 439188
19 57 0 1743939
19 58 0 194559
19 59 0 235757
19 60 0 2398106
19 61 0 594953
19 62 0 555451
19 63 0 1939993
19 64 0 322243
19 65 0 682677
19 66 0 697901
19 67 0 2855528
19 68 0 190734
19 69 0 1465108
19 70 0 1365469
19 71 0 738852
19 72 0 879368
19 73 0 660232
19 74 0 343660
19 75 0 1136436
19 76 0 183712
19 77 0 1818652
19 78 0 6151403
19 79 0 1512727
19 80 0 322368
19 81 0 292557
19 82 0 333739
19 83 0 580688
19 84 0 257371
19 85 0 507683
19 86 0 381820
19 87 0 315876
19 88 0 149509
19 89 0 294679
19 90 0 756769
19 91 0 143952
19 92 0 226760
19 93 0 198616
19 94 0 568154
19 95 0 308614
20 0 0 1021472
20 1 0 939665
20 2 0 507423
20 3 0 696798
20 4 0 792588
20 5 0 661179
20 6 0 788723
20 7 0 451238
20 8 0 3001927
20 9 0 287925
20 10 0 422209
20 11 0 231862
20 12 0 879780
20 13 0 224324
20 14 0 690619
20 15 0 218614
20 16 0 389067
20 17 1 360550
20 18 0 525048
20 19 0 360640
20 20 0 941646
20 21 1 451770
20 22 0 652361
20 23 0 272948
20 24 0 816579
20 25 0 555388
20 26 0 471361
20 27 0 298044
20 28 0 382221
20 29 0 532037
20 30 0 1013479
20 31 0 558831
20 32 0 612287
20 33 1 274417
20 34 0 776995
20 35 0 457814
20 36 0 770148
20 37 1 840212
20 38 1 973676
20 39 1 656033
20 40 0 1340376
20 41 0 104647
20 42 0 1370678
20 43 0 876038
20 44 0 804795
20 45 0 648322
20 46 0 773971
20 47 0 1109254
20 48 0 1016759
20 49 0 292451
20 50 0 569495
20 51 0 952529
20 52 0 374131
20 53 0 260373
20 54 0 3109449
20 55 0 245593
20 56 0 949951
20 57 0 1795313
20 58 0 376831
20 59 0 325368
20 60 0 2047366
20 61 0 528701
20 62 0 1245372
20 63 0 2065275
20 64 0 457544
20 65 0 570105
20 66 0 800242
20 67 0 2927099
20 68 0 208459
20 69 0 266880
20 70 0 1875352
20 71 0 633575
20 72 0 548391
20 73 0 1126328
20 74 0 282396
20 75 0 767115
20 76 0 276262
20 77 0 2145910
20 78 0 19906512
20 79 0 615415
20 80 0 567304
20 81 0 442487
20 82 0 481417
20 83 0 395904
20 84 0 539284
20 85 0 328856
20 86 0 480244
20 87 0 611458
20 88 0 535903
20 89 1 1167406
20 90 0 842833
20 91 0 213659
20 92 0 384522
20 93 0 448325
20 94 0 368272
20 95 0 223022
21 0 0 557280
21 1 0 582914
21 2 0 279950
21 3 0 185577
21 4 0 417056
21 5 0 240939
21 6 0 471624
21 7 0 455662
21 8 0 657057
21 9 0 804548
21 10 0 218522
21 11 0 471863
21 12 0 428293
21 13 0 389109
21 14 0 376342
21 15 0 369682
21 16 0 306997
21 17 0 471228
21 18 0 302848
21 19 0 261757
21 20 0 252463
21 21 0 372445
21 22 0 240911
21 23 1 300926
21 24 0 605740
21 25 0 486586
21 26 0 354895
21 27 0 380413
21 28 0 241469
21 29 0 249328
21 30 0 534568
21 31 0 246281
21 32 0 352449
21 33 0 150658
21 34 0 263323
21 35 0 593227
21 36 0 523563
21 37 0 550669
21 38 0 235990
21 39 0 373004
21 40 0 303468
21 41 0 110718
21 42 0 347031
21 43 0 307267
21 44 0 314704
21 45 0 349183
21 46 0 563858
21 47 0 355865
21 48 0 343360
21 49 0 421693
21 50 0 403230
21 51 0 407920
21 52 0 249706
21 53 0 209052
21 54 0 2314249
21 55 0 251937
21 56 0 390222
21 57 0 1264585
21 58 0 156300
21 59 0 193919
21 60 0 1101770
21 61 0 380811
21 62 0 1191326
21 63 0 1346704
21 64 0 737572
21 65 0 602782
21 66 0 397682
21 67 0 1458978
21 68 0 277045
21 69 0 388954
21 70 0 890171
21 71 0 285513
21 72 1 1745352
21 73 0 628746
21 74 0 216923
21 75 0 544364
21 76 0 251801
21 77 0 1373352
21 78 0 4385293
21 79 0 333995
21 80 0 231741
21 81 0 203744
21 82 0 356660
21 83 0 390941
21 84 0 219419
21 85 0 175205
21 86 0 227306
21 87 0 440088
21 88 0 234781
21 89 0 461055
21 90 0 513023
21 91 0 160173
21 92 0 307396
21 93 0 350857
21 94 0 277912
21 95 0 250733
22 0 0 347218
22 1 0 573591
22 2 0 178304
22 3 0 260775
22 4 0 151147
22 5 0 282895
22 6 0 620082
22 7 0 236895
22 8 0 5973430
22 9 0 453718
22 10 0 203719
22 11 0 245370
22 12 0 286335
22 13 0 131230
22 14 0 342066
22 15 0 135502
22 16 0 148922
22 17 0 293329
22 18 0 174020
22 19 0 85140
22 20 0 192927
22 21 0 176214
22 22 0 196389
22 23 0 136599
22 24 0 327458
22 25 0 137138
22 26 0 119995
22 27 0 137597
22 28 0 166122
22 29 0 259497
22 30 0 191814
22 31 0 270472
22 32 0 164486
22 33 0 56596
22 34 0 253597
22 35 0 173310
22 36 0 405251
22 37 0 424335
22 38 0 432163
22 39 0 276157
22 40 0 306100
22 41 0 96869
22 42 0 584548
22 43 0 512967
22 44 0 235679
22 45 0 209049
22 46 0 1075819
22 47 0 216904
22 48 0 228677
22 49 0 367315
22 50 0 273106
22 51 0 481057
22 52 0 126318
22 53 0 255300
22 54 0 6617919
22 55 0 140314
22 56 0 717656
22 57 0 2280163
22 58 0 308570
22 59 0 331313
22 60 0 5397998
22 61 0 313731
22 62 1 2051059
22 63 0 2827365
22 64 0 220064
22 65 0 501798
22 66 0 692048
22 67 0 5060234
22 68 0 225384
22 69 0 334521
22 70 0 2401591
22 71 0 202955
22 72 0 725242
22 73 0 419522
22 74 0 183705
22 75 0 274909
22 76 0 154145
22 77 0 3214335
22 78 0 6164863
22 79 0 358635
22 80 0 266587
22 81 0 416858
22 82 0 155150
22 83 0 399655
22 84 0 433584
22 85 0 197865
22 86 0 252814
22 87 0 199613
22 88 0 191941
22 89 0 205990
22 90 0 293829
22 91 0 144154
22 92 0 407295
22 93 0 264997
22 94 0 226712
22 95 0 191319
23 0 0 630681
23 1 0 537958
23 2 0 195192
23 3 0 433692
23 4 0 141585
23 5 0 394338
23 6 0 391378
23 7 0 313449
23 8 0 495439
23 9 0 298269
23 10 0 190846
23 11 0 191851
23 12 0 207348
23 13 0 154199
23 14 0 478922
23 15 0 153578
23 16 0 158232
23 17 0 189089
23 18 0 673965
23 19 0 199941
23 20 0 435333
23 21 0 326483
23 22 0 270052
23 23 0 121338
23 24 0 410969
23 25 0 405897
23 26 0 240602
23 27 0 389918
23 28 0 224198
23 29 0 276670
23 30 0 363615
23 31 0 276545
23 32 0 255590
23 33 0 142316
23 34 0 278767
23 35 0 242561
23 36 0 387753
23 37 0 527832
23 38 0 505687
23 39 0 341552
23 40 0 796449
23 41 0 93278
23 42 0 280313
23 43 0 503729
23 44 0 313248
23 45 0 315278
23 46 0 546482
23 47 0 212840
23 48 0 205881
23 49 0 626072
23 50 0 155360
23 51 0 556703
23 52 0 116859
23 53 0 180676
23 54 0 1398842
23 55 1 374221
23 56 0 396183
23 57 0 715217
23 58 1 361783
23 59 0 601061
23 60 0 604159
23 61 0 672220
23 62 0 402537
23 63 0 959433
23 64 0 308295
23 65 0 733502
23 66 0 508411
23 67 0 942257
23 68 0 156616
23 69 0 253847
23 70 0 629985
23 71 0 307636
23 72 0 763451
23 73 1 1579566
23 74 0 144560
23 75 0 735657
23 76 0 200577
23 77 0 734126
23 78 0 4387952
23 79 0 641825
23 80 0 254558
23 81 0 342973
23 82 0 297222
23 83 0 293530
23 84 0 115114
23 85 0 196540
23 86 0 378344
23 87 0 258560
23 88 0 160529
23 89 0 219490
23 90 0 930729
23 91 0 175429
23 92 0 130574
23 93 0 89812
23 94 0 281048
23 95 0 125067
24 0 0 452730
24 1 0 528912
24 2 0 290871
24 3 0 210403
24 4 0 375561
24 5 0 450117
24 6 0 310793
24 7 0 590619
24 8 0 4456406
24 9 0 602138
24 10 0 168499
24 11 0 189202
24 12 0 381959
24 13 0 354341
24 14 0 466455
24 15 0 362921
24 16 0 441969
24 17 0 207392
24 18 0 163020
24 19 0 178837
24 20 0 330370
24 21 0 250094
24 22 0 168129
24 23 0 260571
24 24 0 238080
24 25 0 303715
24 26 0 341250
24 27 0 260934
24 28 0 227136
24 29 0 317770
24 30 0 389123
24 31 0 329978
24 32 0 389772
24 33 0 87241
24 34 0 322598
24 35 0 508869
24 36 0 234330
24 37 0 308451
24 38 0 401753
24 39 0 366447
24 40 0 318819
24 41 0 83617
24 42 0 492033
24 43 0 149532
24 44 0 851949
24 45 0 326916
24 46 0 1236127
24 47 0 492490
24 48 0 158446
24 49 0 247259
24 50 0 117848
24 51 0 559084
24 52 0 169008
24 53 0 88293
24 54 0 5042288
24 55 0 458658
24 56 0 463366
24 57 0 2242013
24 58 0 186047
24 59 0 694030
24 60 0 3769352
24 61 0 505732
24 62 0 629521
24 63 0 2229248
24 64 0 404399
24 65 0 869489
24 66 0 282155
24 67 0 3427589
24 68 0 127885
24 69 0 254611
24 70 0 1590608
24 71 0 634042
24 72 0 826813
24 73 0 691676
24 74 0 468847
24 75 0 807237
24 76 0 660112
24 77 0 1963232
24 78 0 8428102
24 79 0 541808
24 80 0 316375
24 81 0 407226
24 82 0 660916
24 83 0 491847
24 84 0 309241
24 85 0 264514
24 86 0 566655
24 87 0 502728
24 88 0 200913
24 89 0 748291
24 90 0 502260
24 91 0 205112
24 92 0 469909
24 93 0 103912
24 94 0 660010
24 95 0 286723
25 0 0 298978
25 1 0 496292
25 2 0 262451
25 3 0 236539
25 4 0 255200
25 5 0 327309
25 6 0 443169
25 7 0 487329
25 8 0 3533588
25 9 0 445962
25 10 0 327272
25 11 0 261413
25 12 0 316989
25 13 0 184725
25 14 0 381327
25 15 0 173762
25 16 0 208586
25 17 0 172987
25 18 0 462145
25 19 0 130232
25 20 0 196741
25 21 0 239482
25 22 0 214081
25 23 0 229564
25 24 0 310667
25 25 0 222964
25 26 0 187960
25 27 0 146290
25 28 0 156226
25 29 0 145345
25 30 0 246031
25 31 0 147657
25 32 0 181201
25 33 0 95346
25 34 0 338181
25 35 0 275482
25 36 0 480724
25 37 0 203702
25 38 0 564514
25 39 0 248428
25 40 0 738987
25 41 0 78776
25 42 0 459455
25 43 0 177884
25 44 0 443575
25 45 0 128026
25 46 0 576655
25 47 0 396149
25 48 0 151062
25 49 0 730575
25 50 0 272078
25 51 0 596238
25 52 0 279899
25 53 0 162272
25 54 0 2797267
25 55 0 618010
25 56 0 516417
25 57 0 2434149
25 58 0 214061
25 59 0 625716
25 60 0 3598296
25 61 0 407535
25 62 0 233723
25 63 0 2671027
25 64 0 686208
25 65 0 470214
25 66 0 379647
25 67 0 3524447
25 68 0 401459
25 69 0 363737
25 70 0 1886430
25 71 0 546661
25 72 0 675005
25 73 0 568866
25 74 0 250916
25 75 0 548769
25 76 0 144199
25 77 0 2574995
25 78 0 2364777
25 79 0 391031
25 80 0 128074
25 81 0 690695
25 82 0 210886
25 83 0 446712
25 84 0 164958
25 85 0 277733
25 86 0 211912
25 87 0 373873
25 88 0 183370
25 89 0 164810
25 90 0 263368
25 91 0 476332
25 92 0 339241
25 93 0 194468
25 94 0 241143
25 95 0 163797
26 0 0 146129
26 1 0 516391
26 2 0 179245
26 3 0 358432
26 4 0 120202
26 5 0 433204
26 6 0 319424
26 7 0 184235
26 8 0 541243
26 9 0 359812
26 10 0 155795
26 11 0 114265
26 12 0 247779
26 13 0 153739
26 14 0 313039
26 15 0 146629
26 16 0 385086
26 17 0 141491
26 18 0 428323
26 19 0 265953
26 20 0 235184
26 21 0 143523
26 22 0 219085
26 23 0 134866
26 24 0 558702
26 25 0 247440
26 26 0 264032
26 27 0 230845
26 28 0 100415
26 29 0 138920
26 30 0 516056
26 31 0 141585
26 32 0 247501
26 33 0 87519
26 34 0 311113
26 35 0 203963
26 36 0 186353
26 37 0 368179
26 38 0 450529
26 39 0 253495
26 40 0 181917
26 41 0 83969
26 42 0 322830
26 43 0 182594
26 44 0 248296
26 45 0 637653
26 46 0 380034
26 47 0 265219
26 48 0 366759
26 49 0 414430
26 50 0 165332
26 51 0 553520
26 52 0 420296
26 53 0 147450
26 54 0 1345662
26 55 0 241152
26 56 0 786651
26 57 0 1140538
26 58 0 377821
26 59 0 499564
26 60 0 673941
26 61 0 374086
26 62 0 370590
26 63 0 1051981
26 64 0 429542
26 65 0 1290290
26 66 0 289110
26 67 0 1394012
26 68 0 164182
26 69 0 670739
26 70 0 852862
26 71 0 348327
26 72 1 2656682
26 73 0 283414
26 74 0 183580
26 75 0 264842
26 76 0 234655
26 77 0 1154905
26 78 0 4808871
26 79 0 374523
26 80 0 164619
26 81 0 398098
26 82 0 298790
26 83 0 238259
26 84 0 161386
26 85 0 131960
26 86 0 130778
26 87 0 250525
26 88 0 158112
26 89 0 200513
26 90 0 454890
26 91 0 175632
26 92 0 202037
26 93 0 90992
26 94 0 144574
26 95 0 146308
27 0 0 544897
27 1 0 440064
27 2 0 414913
27 3 0 244385
27 4 0 260425
27 5 0 322856
27 6 0 839012
27 7 0 265355
27 8 0 7219537
27 9 0 831672
27 10 0 477559
27 11 0 87127
27 12 0 276942
27 13 0 217800
27 14 0 624288
27 15 0 215209
27 16 0 354634
27 17 0 246322
27 18 0 534346
27 19 0 525884
27 20 0 303729
27 21 0 142131
27 22 0 446575
27 23 0 207459
27 24 0 247750
27 25 1 701338
27 26 0 190762
27 27 1 619736
27 28 0 212275
27 29 0 569074
27 30 0 281527
27 31 0 566151
27 32 0 119455
27 33 0 132170
27 34 0 211960
27 35 0 168921
27 36 0 204878
27 37 0 306742
27 38 0 292852
27 39 0 171971
27 40 0 393285
27 41 0 66781
27 42 0 551611
27 43 0 450469
27 44 1 958657
27 45 0 271141
27 46 0 1519184
27 47 0 292487
27 48 0 155648
27 49 0 211244
27 50 0 73758
27 51 0 364540
27 52 0 123416
27 53 0 270252
27 54 0 4134747
27 55 0 337685
27 56 0 414533
27 57 0 2453553
27 58 0 121934
27 59 0 318455
27 60 0 4127799
27 61 0 526361
27 62 0 191301
27 63 0 3026248
27 64 0 167220
27 65 0 883888
27 66 0 322408
27 67 0 4293681
27 68 0 274274
27 69 0 346918
27 70 0 2028836
27 71 0 373649
27 72 0 741115
27 73 0 269748
27 74 0 400810
27 75 0 847373
27 76 0 480901
27 77 0 2945584
27 78 0 6759088
27 79 0 491172
27 80 0 560046
27 81 1 900500
27 82 0 1113336
27 83 0 343236
27 84 0 517144
27 85 0 238719
27 86 0 554624
27 87 0 151923
27 88 0 291561
27 89 0 235087
27 90 0 911307
27 91 0 133789
27 92 0 502324
27 93 0 317355
27 94 0 759994
27 95 0 451136
28 0 0 173570
28 1 0 450855
28 2 0 557732
28 3 0 669747
28 4 0 274607
28 5 0 707830
28 6 0 707210
28 7 0 308823
28 8 0 484347
28 9 0 303683
28 10 0 504964
28 11 0 275404
28 12 0 264281
28 13 0 190786
28 14 0 571992
28 15 0 202876
28 16 0 480210
28 17 0 189375
28 18 0 714636
28 19 0 403805
28 20 0 291510
28 21 0 229334
28 22 0 340142
28 23 0 333112
28 24 0 678924
28 25 0 374564
28 26 0 237006
28 27 0 260480
28 28 0 175539
28 29 0 194364
28 30 0 381747
28 31 0 190444
28 32 0 318277
28 33 0 96741
28 34 0 294624
28 35 0 270934
28 36 0 472169
28 37 0 218232
28 38 0 410718
28 39 0 175341
28 40 0 388111
28 41 0 117446
28 42 0 687336
28 43 0 367104
28 44 0 726529
28 45 1 676949
28 46 0 400878
28 47 0 235864
28 48 0 301792
28 49 0 834095
28 50 0 127059
28 51 0 484755
28 52 0 321338
28 53 0 321696
28 54 0 1640465
28 55 0 491446
28 56 0 1204157
28 57 0 1978429
28 58 0 213008
28 59 0 489927
28 60 0 745344
28 61 0 566003
28 62 0 488887
28 63 0 1073158
28 64 0 290137
28 65 0 994033
28 66 0 575150
28 67 0 1059855
28 68 0 146447
28 69 0 508472
28 70 0 727639
28 71 0 264458
28 72 0 581174
28 73 0 822170
28 74 0 340623
28 75 0 424161
28 76 0 312496
28 77 0 952989
28 78 0 12304835
28 79 0 972125
28 80 0 222510
28 81 0 697921
28 82 0 500225
28 83 0 593122
28 84 0 345273
28 85 0 359165
28 86 0 514932
28 87 0 435700
28 88 0 257141
28 89 0 356102
28 90 0 579433
28 91 0 260938
28 92 0 163529
28 93 0 237439
28 94 0 344039
28 95 0 124411
29 0 0 108030
29 1 1 786425
29 2 0 260365
29 3 0 308862
29 4 0 157125
29 5 0 304321
29 6 0 724588
29 7 0 362528
29 8 0 4245821
29 9 0 165612
29 10 0 242363
29 11 0 137896
29 12 0 292937
29 13 0 89516
29 14 0 514804
29 15 0 100560
29 16 0 419268
29 17 0 252532
29 18 0 283686
29 19 0 130695
29 20 0 384679
29 21 0 64342
29 22 0 197392
29 23 0 145508
29 24 0 189805
29 25 0 390217
29 26 0 152595
29 27 0 158388
29 28 0 186346
29 29 0 335830
29 30 0 163416
29 31 0 339617
29 32 0 156008
29 33 0 52779
29 34 0 313574
29 35 0 163164
29 36 0 270002
29 37 0 189531
29 38 0 446621
29 39 0 132872
29 40 0 204357
29 41 0 58848
29 42 0 420043
29 43 1 494820
29 44 0 268767
29 45 0 130561
29 46 0 1275167
29 47 0 395750
29 48 0 264270
29 49 0 494488
29 50 0 113034
29 51 0 886007
29 52 0 184784
29 53 0 213081
29 54 0 3837220
29 55 0 309798
29 56 0 344637
29 57 0 1676075
29 58 0 204091
29 59 0 330783
29 60 0 3508275
29 61 0 303411
29 62 0 485435
29 63 0 2504057
29 64 0 253502
29 65 0 707917
29 66 0 639855
29 67 0 3257183
29 68 0 156814
29 69 0 780015
29 70 0 1868216
29 71 0 224781
29 72 0 793441
29 73 0 502478
29 74 0 149076
29 75 0 640362
29 76 1 645196
29 77 0 2600962
29 78 0 3635671
29 79 0 464419
29 80 0 359285
29 81 0 355420
29 82 0 579194
29 83 0 523016
29 84 0 163232
29 85 0 261864
29 86 0 112570
29 87 0 141953
29 88 0 274093
29 89 0 555276
29 90 0 418339
29 91 0 132582
29 92 0 105125
29 93 0 186058
29 94 0 251587
29 95 0 101472
30 0 0 142552
30 1 1 1136836
30 2 0 234837
30 3 0 469965
30 4 0 180197
30 5 0 329799
30 6 0 460021
30 7 0 336850
30 8 0 3013384
30 9 0 851461
30 10 0 290108
30 11 0 132601
30 12 0 305611
30 13 0 67034
30 14 0 459393
30 15 0 65416
30 16 0 247121
30 17 0 329348
30 18 0 428313
30 19 0 245393
30 20 0 355654
30 21 0 339722
30 22 0 232475
30 23 0 318203
30 24 0 243047
30 25 0 369614
30 26 0 117917
30 27 0 113775
30 28 0 142755
30 29 0 156430
30 30 0 271869
30 31 0 167104
30 32 0 212589
30 33 0 55487
30 34 0 225677
30 35 0 188902
30 36 1 542649
30 37 0 181716
30 38 0 178330
30 39 0 114846
30 40 0 168432
30 41 0 70750
30 42 0 309224
30 43 0 189957
30 44 0 425661
30 45 0 249513
30 46 0 516816
30 47 0 151670
30 48 0 425390
30 49 0 163206
30 50 0 125879
30 51 0 418470
30 52 0 202292
30 53 0 180890
30 54 0 2120306
30 55 0 256584
30 56 0 496789
30 57 0 1459277
30 58 0 263713
30 59 0 384363
30 60 0 2004750
30 61 0 236304
30 62 0 889291
30 63 0 1570192
30 64 0 175460
30 65 0 386222
30 66 0 408817
30 67 0 1794403
30 68 0 192362
30 69 0 435647
30 70 0 1005089
30 71 0 486668
30 72 0 861653
30 73 0 239056
30 74 0 166641
30 75 0 714504
30 76 0 234350
30 77 0 1564751
30 78 0 6110229
30 79 0 838455
30 80 0 160988
30 81 0 270621
30 82 0 823169
30 83 0 633449
30 84 0 378894
30 85 0 404796
30 86 0 656906
30 87 0 373919
30 88 0 211754
30 89 0 223678
30 90 0 639198
30 91 0 183489
30 92 0 221339
30 93 0 201006
30 94 0 218639
30 95 0 190336
31 0 0 232760
31 1 0 1557083
31 2 0 262283
31 3 1 1001058
31 4 0 190542
31 5 0 247795
31 6 0 793903
31 7 0 469056
31 8 0 659402
31 9 0 233582
31 10 0 299698
31 11 0 446080
31 12 0 168390
31 13 0 152491
31 14 0 1015678
31 15 0 152060
31 16 0 194497
31 17 0 207971
31 18 0 1372144
31 19 0 281673
31 20 0 528370
31 21 0 326862
31 22 0 164012
31 23 0 305308
31 24 0 207906
31 25 0 307514
31 26 0 176172
31 27 0 218756
31 28 0 159863
31 29 0 256372
31 30 0 179747
31 31 0 269790
31 32 0 256855
31 33 0 128924
31 34 0 322545
31 35 0 158915
31 36 0 243685
31 37 0 227174
31 38 0 422703
31 39 0 228465
31 40 0 223345
31 41 0 76076
31 42 0 414744
31 43 0 219507
31 44 0 500188
31 45 0 398388
31 46 0 370617
31 47 0 301444
31 48 0 471960
31 49 0 1811500
31 50 0 409860
31 51 1 1906819
31 52 0 218421
31 53 0 141248
31 54 0 2012340
31 55 0 325694
31 56 0 767472
31 57 0 1666905
31 58 0 229033
31 59 0 403228
31 60 0 1317871
31 61 0 782768
31 62 0 578757
31 63 0 1851915
31 64 0 582280
31 65 0 1251709
31 66 0 766407
31 67 0 2266610
31 68 0 188166
31 69 0 517240
31 70 0 1364615
31 71 1 956333
31 72 0 672505
31 73 0 976173
31 74 0 259349
31 75 0 831084
31 76 0 299480
31 77 0 1743395
31 78 0 4649806
31 79 0 647791
31 80 0 258918
31 81 0 783177
31 82 0 713069
31 83 0 499857
31 84 0 172164
31 85 0 365738
31 86 1 609838
31 87 0 303006
31 88 0 266148
31 89 0 239233
31 90 0 887102
31 91 0 242948
31 92 0 187927
31 93 0 184621
31 94 0 388996
31 95 0 266163
32 0 0 169602
32 1 1 1754667
32 2 0 203802
32 3 0 274796
32 4 0 410834
32 5 0 470535
32 6 0 355290
32 7 0 973372
32 8 0 7092940
32 9 0 203895
32 10 0 252523
32 11 0 446499
32 12 0 462766
32 13 0 254718
32 14 0 385238
32 15 0 228435
32 16 0 336313
32 17 0 225072
32 18 0 348622
32 19 0 261222
32 20 0 256661
32 21 0 165009
32 22 0 209344
32 23 0 153585
32 24 0 295184
32 25 0 165683
32 26 0 302269
32 27 0 194282
32 28 0 214871
32 29 0 95252
32 30 0 345766
32 31 0 107617
32 32 0 365873
32 33 0 109540
32 34 0 290529
32 35 0 123502
32 36 0 679773
32 37 0 203212
32 38 0 484905
32 39 0 227039
32 40 0 606613
32 41 0 64258
32 42 0 403634
32 43 0 246029
32 44 0 459958
32 45 0 485900
32 46 0 1498331
32 47 0 274514
32 48 0 176182
32 49 0 353325
32 50 0 193049
32 51 1 1189843
32 52 0 311303
32 53 0 327899
32 54 0 7338214
32 55 0 934835
32 56 0 366340
32 57 0 3453758
32 58 1 833402
32 59 0 676556
32 60 0 6418839
32 61 0 319705
32 62 0 838412
32 63 0 3590194
32 64 0 481265
32 65 0 334807
32 66 0 316212
32 67 0 6064755
32 68 0 343090
32 69 0 751340
32 70 0 2693711
32 71 0 669904
32 72 0 493254
32 73 0 1031462
32 74 0 346128
32 75 0 449220
32 76 0 423893
32 77 0 3614127
32 78 0 11221449
32 79 0 352132
32 80 0 89249
32 81 0 892480
32 82 0 206712
32 83 0 1054569
32 84 0 237118
32 85 0 350457
32 86 0 209556
32 87 0 572074
32 88 0 210529
32 89 0 317924
32 90 0 144678
32 91 0 566780
32 92 1 538126
32 93 0 241265
32 94 0 747015
32 95 0 306862
33 0 0 196488
33 1 0 673244
33 2 0 120064
33 3 0 318805
33 4 0 131846
33 5 0 334011
33 6 0 314787
33 7 0 417276
33 8 0 944456
33 9 0 341543
33 10 0 325899
33 11 0 218675
33 12 0 178138
33 13 0 154872
33 14 0 640035
33 15 0 134178
33 16 0 202927
33 17 0 221018
33 18 0 266057
33 19 0 193264
33 20 0 258469
33 21 0 109962
33 22 0 181963
33 23 0 189041
33 24 0 228079
33 25 0 225945
33 26 0 190809
33 27 0 117422
33 28 0 115352
33 29 0 83721
33 30 0 376380
33 31 0 87750
33 32 0 264987
33 33 0 59211
33 34 0 300383
33 35 0 148871
33 36 0 247122
33 37 0 236778
33 38 0 314960
33 39 0 162232
33 40 0 225663
33 41 0 101945
33 42 0 384763
33 43 0 178427
33 44 0 299860
33 45 0 127913
33 46 0 260331
33 47 0 385492
33 48 0 291132
33 49 0 766000
33 50 0 136074
33 51 0 649107
33 52 0 181086
33 53 0 117668
33 54 0 1882631
33 55 0 323172
33 56 0 456701
33 57 0 1642154
33 58 0 248108
33 59 0 981795
33 60 0 1322234
33 61 0 342659
33 62 0 620780
33 63 0 1345162
33 64 0 111404
33 65 0 1575351
33 66 0 496985
33 67 0 1607430
33 68 0 246778
33 69 0 864920
33 70 0 1055213
33 71 0 512721
33 72 0 577031
33 73 0 1112934
33 74 0 140891
33 75 0 730595
33 76 0 247116
33 77 0 1562509
33 78 0 5895736
33 79 0 715094
33 80 0 83098
33 81 0 607296
33 82 0 179520
33 83 1 2233023
33 84 0 208411
33 85 0 241887
33 86 0 286784
33 87 0 316595
33 88 0 153756
33 89 0 355537
33 90 0 496210
33 91 0 142537
33 92 0 223436
33 93 0 175618
33 94 0 221932
33 95 0 265865
34 0 0 249706
34 1 0 475696
34 2 0 295724
34 3 0 724032
34 4 0 115810
34 5 0 230272
34 6 0 617800
34 7 0 894921
34 8 0 5126039
34 9 0 401303
34 10 0 186357
34 11 0 228882
34 12 0 264257
34 13 0 189315
34 14 0 530657
34 15 0 192890
34 16 0 357470
34 17 0 288544
34 18 0 459041
34 19 0 306686
34 20 0 166915
34 21 0 200980
34 22 0 318323
34 23 0 193860
34 24 0 209970
34 25 0 351870
34 26 0 157138
34 27 0 123614
34 28 0 212937
34 29 0 148926
34 30 0 408935
34 31 0 159472
34 32 0 229808
34 33 0 95126
34 34 0 370131
34 35 0 188529
34 36 0 350607
34 37 0 181059
34 38 0 1248358
34 39 0 155496
34 40 0 233356
34 41 0 79698
34 42 0 350459
34 43 0 151460
34 44 0 232372
34 45 0 123301
34 46 0 1201716
34 47 0 475989
34 48 0 99325
34 49 0 613697
34 50 0 93045
34 51 0 452113
34 52 0 200469
34 53 0 163774
34 54 0 4368218
34 55 0 374894
34 56 0 238158
34 57 0 1885698
34 58 0 617685
34 59 0 741843
34 60 0 3254889
34 61 0 298328
34 62 0 765256
34 63 0 2607487
34 64 0 884063
34 65 0 494704
34 66 0 437530
34 67 0 4218847
34 68 0 424212
34 69 0 807145
34 70 0 2037991
34 71 0 286758
34 72 0 341321
34 73 0 561194
34 74 0 939965
34 75 0 580775
34 76 0 465603
34 77 0 2599411
34 78 0 6220532
34 79 0 277660
34 80 0 126606
34 81 0 605974
34 82 0 356754
34 83 0 533223
34 84 0 133605
34 85 0 277462
34 86 0 152746
34 87 0 265486
34 88 0 232417
34 89 0 232367
34 90 0 476154
34 91 0 199789
34 92 0 220790
34 93 0 213961
34 94 0 947557
34 95 0 306965
35 0 0 426837
35 1 0 417466
35 2 0 484554
35 3 0 684811
35 4 0 450673
35 5 0 242458
35 6 0 231516
35 7 0 307621
35 8 0 3029317
35 9 0 297952
35 10 0 341226
35 11 0 136419
35 12 0 619349
35 13 0 165073
35 14 0 758214
35 15 0 185753
35 16 0 320673
35 17 0 619265
35 18 0 428015
35 19 0 290854
35 20 0 292327
35 21 0 128471
35 22 0 340040
35 23 0 264803
35 24 0 244989
35 25 0 431439
35 26 0 270349
35 27 0 248243
35 28 0 164378
35 29 0 177058
35 30 0 362673
35 31 0 180599
35 32 0 311299
35 33 0 150277
35 34 0 414426
35 35 0 234270
35 36 0 434538
35 37 0 225201
35 38 1 929833
35 39 0 194940
35 40 0 439064
35 41 0 92521
35 42 0 476876
35 43 0 346717
35 44 0 400438
35 45 0 222962
35 46 0 344593
35 47 0 177409
35 48 0 298657
35 49 0 472254
35 50 0 116297
35 51 1 1736976
35 52 0 461038
35 53 0 418781
35 54 0 1765887
35 55 0 284175
35 56 0 441646
35 57 0 1292396
35 58 0 394761
35 59 0 218413
35 60 0 1696816
35 61 0 633551
35 62 0 939225
35 63 0 1408898
35 64 0 153197
35 65 0 415665
35 66 0 596684
35 67 0 2190022
35 68 0 318307
35 69 0 282367
35 70 0 1018952
35 71 0 269186
35 72 0 738916
35 73 0 635319
35 74 0 273975
35 75 0 613647
35 76 0 424359
35 77 0 1264389
35 78 0 10109477
35 79 0 391883
35 80 0 161866
35 81 0 127204
35 82 0 422104
35 83 0 313918
35 84 0 159787
35 85 0 173226
35 86 0 497934
35 87 0 320188
35 88 0 215396
35 89 0 187296
35 90 0 165315
35 91 0 175279
35 92 0 229294
35 93 0 170276
35 94 0 471603
35 95 0 124272
36 0 0 177210
36 1 0 772937
36 2 0 242243
36 3 0 234253
36 4 0 266983
36 5 0 352899
36 6 0 979133
36 7 0 525177
36 8 0 951989
36 9 0 225230
36 10 0 239073
36 11 0 157923
36 12 0 406793
36 13 0 133858
36 14 0 547525
36 15 0 144477
36 16 0 704686
36 17 0 256913
36 18 0 304602
36 19 0 168326
36 20 0 368335
36 21 0 147908
36 22 0 314772
36 23 0 149464
36 24 0 461524
36 25 0 246106
36 26 0 291011
36 27 1 320485
36 28 0 237523
36 29 0 162756
36 30 0 236005
36 31 0 186478
36 32 0 225975
36 33 0 114558
36 34 0 217391
36 35 0 270747
36 36 0 289184
36 37 0 467098
36 38 0 351609
36 39 0 365568
36 40 0 243800
36 41 0 92001
36 42 0 547487
36 43 0 540081
36 44 0 322282
36 45 0 274080
36 46 0 323762
36 47 0 323996
36 48 0 258892
36 49 0 338002
36 50 0 115042
36 51 0 578855
36 52 0 125472
36 53 0 215251
36 54 0 1139148
36 55 0 224054
36 56 0 1139187
36 57 0 1153976
36 58 0 172433
36 59 0 199681
36 60 0 950770
36 61 0 549492
36 62 0 322391
36 63 0 1401705
36 64 0 316218
36 65 1 888040
36 66 0 465692
36 67 0 1470880
36 68 0 342874
36 69 0 437271
36 70 0 1139662
36 71 0 230249
36 72 0 420354
36 73 0 511071
36 74 0 177520
36 75 0 720820
36 76 0 298466
36 77 0 1440896
36 78 0 7242874
36 79 0 747283
36 80 0 154920
36 81 0 413828
36 82 0 261220
36 83 0 622908
36 84 0 170120
36 85 0 289286
36 86 0 376514
36 87 0 367271
36 88 0 195402
36 89 0 465780
36 90 0 522929
36 91 0 135433
36 92 0 218245
36 93 0 101344
36 94 0 149653
36 95 0 200465
37 0 0 307470
37 1 0 366342
37 2 0 190681
37 3 0 557344
37 4 0 202179
37 5 0 153317
37 6 0 1084017
37 7 0 399019
37 8 0 7509580
37 9 0 1038648
37 10 0 514596
37 11 0 395350
37 12 0 371463
37 13 0 197415
37 14 0 800597
37 15 0 195239
37 16 0 402076
37 17 0 156172
37 18 0 397142
37 19 0 306223
37 20 0 471206
37 21 0 181724
37 22 0 407240
37 23 0 213906
37 24 0 379844
37 25 0 189775
37 26 0 310171
37 27 0 366811
37 28 0 201450
37 29 0 149698
37 30 0 422234
37 31 0 156930
37 32 0 305504
37 33 0 145742
37 34 0 291206
37 35 0 297147
37 36 0 262654
37 37 0 446488
37 38 0 847636
37 39 0 368464
37 40 0 538309
37 41 0 93250
37 42 0 1048426
37 43 0 356638
37 44 0 822361
37 45 0 173001
37 46 0 1481259
37 47 0 308248
37 48 0 271926
37 49 0 795622
37 50 0 236460
37 51 0 624320
37 52 0 149397
37 53 0 242066
37 54 0 4364714
37 55 0 129667
37 56 0 522550
37 57 0 2490539
37 58 0 444239
37 59 0 542215
37 60 0 4643524
37 61 0 715772
37 62 0 238106
37 63 0 3333413
37 64 0 395361
37 65 0 2426992
37 66 0 356945
37 67 0 5171259
37 68 0 207990
37 69 0 556567
37 70 0 2517271
37 71 0 464781
37 72 0 888563
37 73 0 379833
37 74 0 178836
37 75 0 718056
37 76 0 318279
37 77 0 3542850
37 78 0 3322640
37 79 0 401683
37 80 0 152368
37 81 0 600367
37 82 0 573825
37 83 0 531392
37 84 0 445051
37 85 0 236912
37 86 0 309516
37 87 0 265478
37 88 0 295848
37 89 0 482229
37 90 0 367966
37 91 0 126894
37 92 0 405972
37 93 0 150202
37 94 0 534779
37 95 0 318264
38 0 0 227862
38 1 0 506526
38 2 0 163700
38 3 0 270007
38 4 0 142163
38 5 0 236808
38 6 0 403555
38 7 0 339296
38 8 0 1148828
38 9 0 338526
38 10 0 309305
38 11 0 105034
38 12 0 202527
38 13 0 132646
38 14 0 588617
38 15 0 140152
38 16 0 151859
38 17 0 441085
38 18 0 376868
38 19 0 242943
38 20 0 419369
38 21 0 132444
38 22 0 210033
38 23 0 205323
38 24 0 435978
38 25 0 385916
38 26 0 393326
38 27 0 150809
38 28 0 167929
38 29 0 106438
38 30 0 204215
38 31 0 101162
38 32 0 317179
38 33 0 53880
38 34 0 200278
38 35 0 184665
38 36 0 375921
38 37 0 302770
38 38 0 526481
38 39 0 130035
38 40 0 177986
38 41 0 64894
38 42 0 497031
38 43 0 187593
38 44 0 281705
38 45 1 385299
38 46 0 292073
38 47 0 173569
38 48 0 589040
38 49 0 376558
38 50 1 367306
38 51 0 1837389
38 52 0 116705
38 53 0 319940
38 54 0 1985683
38 55 0 247464
38 56 0 699522
38 57 0 2039816
38 58 0 239662
38 59 0 449447
38 60 0 1542090
38 61 0 361347
38 62 0 693184
38 63 0 1883212
38 64 0 353027
38 65 0 470240
38 66 0 1078836
38 67 0 2050113
38 68 0 325691
38 69 1 631349
38 70 0 1406533
38 71 1 1243759
38 72 0 972047
38 73 0 682314
38 74 0 160116
38 75 0 1472324
38 76 0 334272
38 77 0 1746169
38 78 0 9847703
38 79 0 1030000
38 80 0 99863
38 81 0 351904
38 82 0 476688
38 83 0 661927
38 84 0 188947
38 85 0 290153
38 86 0 174456
38 87 0 497607
38 88 0 174798
38 89 0 179913
38 90 0 526813
38 91 0 187604
38 92 0 367585
38 93 0 149133
38 94 0 294699
38 95 0 275908
39 0 0 274930
39 1 0 500495
39 2 0 183362
39 3 0 250519
39 4 0 234969
39 5 0 292994
39 6 0 620290
39 7 0 266251
39 8 0 4836387
39 9 0 325216
39 10 0 588585
39 11 0 206843
39 12 0 280888
39 13 0 137475
39 14 0 673364
39 15 0 126057
39 16 0 574106
39 17 0 199653
39 18 1 1084234
39 19 0 126372
39 20 0 575513
39 21 0 249543
39 22 0 172901
39 23 0 268615
39 24 0 251765
39 25 0 470213
39 26 0 166705
39 27 0 258277
39 28 0 301427
39 29 0 203090
39 30 0 265980
39 31 0 213298
39 32 0 520361
39 33 0 94440
39 34 0 338150
39 35 0 165347
39 36 0 374008
39 37 0 236660
39 38 0 280231
39 39 0 148532
39 40 0 404507
39 41 0 107915
39 42 0 771909
39 43 0 279070
39 44 0 424151
39 45 0 337817
39 46 0 1733742
39 47 0 217880
39 48 0 636659
39 49 0 833632
39 50 0 231655
39 51 0 399577
39 52 0 231958
39 53 0 150790
39 54 0 4282440
39 55 0 405764
39 56 0 562423
39 57 0 2393869
39 58 0 314613
39 59 0 472071
39 60 0 3291339
39 61 0 390325
39 62 0 665344
39 63 0 2289351
39 64 0 191558
39 65 0 539140
39 66 1 1711008
39 67 0 3473291
39 68 0 202317
39 69 1 903870
39 70 0 1670244
39 71 1 2033256
39 72 0 509038
39 73 0 491590
39 74 0 199200
39 75 0 1204907
39 76 1 1000488
39 77 0 1988090
39 78 0 5379808
39 79 0 311440
39 80 0 199617
39 81 0 436182
39 82 0 584672
39 83 0 687680
39 84 1 465261
39 85 0 135767
39 86 0 966404
39 87 0 221387
39 88 0 133325
39 89 0 387361
39 90 0 245242
39 91 0 129507
39 92 0 475824
39 93 0 139832
39 94 0 644649
39 95 0 410272
40 0 0 505827
40 1 0 580285
40 2 0 225241
40 3 0 308494
40 4 0 182588
40 5 0 503485
40 6 0 518889
40 7 0 300332
40 8 0 2988707
40 9 0 362107
40 10 0 234538
40 11 0 188921
40 12 0 449220
40 13 0 114626
40 14 0 475489
40 15 0 109534
40 16 0 369663
40 17 0 411565
40 18 0 326553
40 19 0 195196
40 20 0 223582
40 21 0 199541
40 22 0 287814
40 23 0 342437
40 24 0 185766
40 25 0 181545
40 26 0 156219
40 27 0 144095
40 28 0 214446
40 29 0 195501
40 30 0 518759
40 31 0 189332
40 32 0 390049
40 33 0 89189
40 34 0 270112
40 35 0 137712
40 36 0 382522
40 37 0 282676
40 38 0 206998
40 39 0 109016
40 40 0 364232
40 41 0 57843
40 42 0 675024
40 43 0 204809
40 44 0 652954
40 45 0 336376
40 46 0 365109
40 47 0 507130
40 48 0 492058
40 49 0 372939
40 50 0 148575
40 51 0 705915
40 52 0 231972
40 53 0 172534
40 54 0 1903673
40 55 0 202321
40 56 0 780209
40 57 0 1535172
40 58 0 431765
40 59 0 160813
40 60 0 1757445
40 61 0 415953
40 62 0 972666
40 63 0 1563069
40 64 0 148910
40 65 0 591619
40 66 0 688583
40 67 0 2189198
40 68 0 139019
40 69 0 316945
40 70 0 1266777
40 71 0 338434
40 72 0 863481
40 73 0 739161
40 74 0 184319
40 75 0 309578
40 76 0 282878
40 77 0 1599923
40 78 0 6353415
40 79 0 701694
40 80 0 167896
40 81 0 463708
40 82 0 591056
40 83 0 788805
40 84 0 122096
40 85 0 365413
40 86 0 559289
40 87 0 266691
40 88 0 187954
40 89 0 131141
40 90 1 1240750
40 91 0 307540
40 92 0 274285
40 93 0 155196
40 94 0 346739
40 95 0 260967
41 0 0 142072
41 1 0 421289
41 2 0 212630
41 3 0 464458
41 4 0 198282
41 5 0 420934
41 6 0 421030
41 7 0 242256
41 8 0 848007
41 9 0 180657
41 10 0 263493
41 11 0 148944
41 12 0 155906
41 13 0 80019
41 14 0 950210
41 15 0 92172
41 16 0 357487
41 17 0 134669
41 18 0 184019
41 19 0 162183
41 20 0 300628
41 21 0 225810
41 22 0 262186
41 23 0 212864
41 24 0 194800
41 25 0 160052
41 26 0 196972
41 27 0 82842
41 28 0 192336
41 29 0 98506
41 30 0 235320
41 31 0 101727
41 32 0 258749
41 33 0 79287
41 34 0 304428
41 35 0 189762
41 36 0 265730
41 37 0 231228
41 38 0 308944
41 39 0 188284
41 40 0 223525
41 41 0 102580
41 42 0 324450
41 43 0 257893
41 44 0 240970
41 45 0 354651
41 46 0 261331
41 47 0 480891
41 48 0 121157
41 49 0 539369
41 50 0 66685
41 51 0 702198
41 52 0 160019
41 53 0 220304
41 54 0 3932076
41 55 0 155675
41 56 0 781421
41 57 0 2078668
41 58 0 240068
41 59 0 268191
41 60 0 2021667
41 61 0 423244
41 62 0 1192315
41 63 0 2424111
41 64 0 195603
41 65 0 468341
41 66 0 991615
41 67 0 3333469
41 68 0 174725
41 69 0 421034
41 70 0 1896061
41 71 0 398498
41 72 0 567697
41 73 0 642001
41 74 0 444967
41 75 0 1022743
41 76 0 276424
41 77 1 2630962
41 78 0 3900347
41 79 0 533556
41 80 0 85912
41 81 0 372978
41 82 0 504823
41 83 0 436247
41 84 0 154142
41 85 0 315745
41 86 0 369636
41 87 0 151969
41 88 0 114004
41 89 0 202101
41 90 0 675708
41 91 0 141329
41 92 0 222733
41 93 1 345311
41 94 0 322409
41 95 0 244656
42 0 0 366735
42 1 0 684823
42 2 0 114899
42 3 0 227616
42 4 0 275347
42 5 0 390528
42 6 0 257414
42 7 0 294802
42 8 0 6883338
42 9 0 437004
42 10 0 192781
42 11 0 103995
42 12 0 625616
42 13 0 70226
42 14 0 300270
42 15 0 63755
42 16 0 217542
42 17 0 484761
42 18 0 384075
42 19 0 162229
42 20 0 242804
42 21 0 125195
42 22 0 164357
42 23 0 172076
42 24 0 309033
42 25 0 432346
42 26 0 223244
42 27 0 112891
42 28 0 342227
42 29 0 197538
42 30 0 362387
42 31 0 199175
42 32 0 299742
42 33 0 145490
42 34 0 298531
42 35 0 251028
42 36 0 316677
42 37 0 299810
42 38 0 360323
42 39 0 381365
42 40 0 418402
42 41 0 68887
42 42 0 498232
42 43 1 415259
42 44 0 244209
42 45 0 234051
42 46 0 1439774
42 47 0 418476
42 48 0 193380
42 49 0 169268
42 50 0 137123
42 51 0 440999
42 52 0 117448
42 53 0 76807
42 54 0 4841056
42 55 0 310332
42 56 0 810396
42 57 0 2364047
42 58 0 230972
42 59 0 312118
42 60 0 4426274
42 61 0 395955
42 62 0 794205
42 63 0 2922597
42 64 0 282768
42 65 0 440478
42 66 0 1160258
42 67 0 4630386
42 68 0 196183
42 69 0 485303
42 70 0 1989229
42 71 0 496345
42 72 0 1415376
42 73 0 397102
42 74 0 180002
42 75 0 623359
42 76 0 152395
42 77 0 2912489
42 78 0 7818832
42 79 0 640301
42 80 0 168000
42 81 0 262664
42 82 0 182952
42 83 0 294128
42 84 0 118342
42 85 0 181986
42 86 0 492280
42 87 0 436012
42 88 0 127719
42 89 0 228006
42 90 0 349887
42 91 0 156614
42 92 0 311971
42 93 0 181040
42 94 0 350930
42 95 0 169272
43 0 0 303430
43 1 0 572747
43 2 0 293101
43 3 0 329847
43 4 0 205807
43 5 0 463567
43 6 0 529720
43 7 0 578933
43 8 0 493192
43 9 0 387384
43 10 0 372296
43 11 0 156230
43 12 0 296958
43 13 0 99920
43 14 0 571235
43 15 0 81422
43 16 0 512776
43 17 0 240815
43 18 0 709323
43 19 0 180618
43 20 0 320356
43 21 0 166889
43 22 0 454424
43 23 0 150754
43 24 0 403131
43 25 0 371418
43 26 0 299999
43 27 0 224477
43 28 0 187873
43 29 0 509976
43 30 0 374099
43 31 0 494968
43 32 0 165944
43 33 0 79510
43 34 0 193626
43 35 0 138494
43 36 0 287138
43 37 0 225172
43 38 0 454545
43 39 0 160962
43 40 0 559476
43 41 0 57942
43 42 0 434390
43 43 0 138780
43 44 0 309896
43 45 0 274931
43 46 0 407597
43 47 0 326436
43 48 0 158120
43 49 0 453116
43 50 0 164059
43 51 0 1013440
43 52 0 199126
43 53 0 198818
43 54 0 1748178
43 55 0 144652
43 56 0 779477
43 57 0 1267112
43 58 0 306420
43 59 0 542684
43 60 0 1160350
43 61 0 262238
43 62 0 641973
43 63 0 1491126
43 64 0 202945
43 65 0 431461
43 66 0 320318
43 67 0 1603274
43 68 0 203011
43 69 0 287712
43 70 0 1101024
43 71 0 571961
43 72 0 883166
43 73 0 710557
43 74 0 231848
43 75 0 909603
43 76 0 343929
43 77 0 1626227
43 78 0 14192969
43 79 0 491216
43 80 0 547723
43 81 0 271284
43 82 0 313931
43 83 0 649575
43 84 0 127997
43 85 0 303559
43 86 0 191326
43 87 0 372501
43 88 0 184134
43 89 0 546257
43 90 0 618517
43 91 0 191970
43 92 0 190584
43 93 0 159481
43 94 0 114079
43 95 0 138081
44 0 0 433488
44 1 0 920156
44 2 0 190845
44 3 0 555770
44 4 0 241892
44 5 0 405281
44 6 0 787852
44 7 0 353170
44 8 0 4774047
44 9 0 544618
44 10 0 177791
44 11 0 388067
44 12 0 860700
44 13 0 173687
44 14 0 1060855
44 15 0 180135
44 16 0 328897
44 17 0 209027
44 18 0 765978
44 19 0 148244
44 20 0 214735
44 21 0 143220
44 22 0 269664
44 23 0 149073
44 24 0 347229
44 25 1 598761
44 26 0 197664
44 27 0 96617
44 28 0 323057
44 29 0 118585
44 30 0 451273
44 31 0 132529
44 32 0 192669
44 33 0 94401
44 34 0 384970
44 35 0 217208
44 36 0 487782
44 37 0 321451
44 38 0 642142
44 39 0 422057
44 40 0 322686
44 41 0 158360
44 42 0 641825
44 43 0 427268
44 44 0 482971
44 45 0 343760
44 46 0 1309200
44 47 0 299000
44 48 0 422906
44 49 0 981168
44 50 0 245419
44 51 0 1194446
44 52 0 411922
44 53 0 129005
44 54 0 5243025
44 55 0 541279
44 56 0 1102246
44 57 0 2892950
44 58 0 459420
44 59 0 735817
44 60 0 4441111
44 61 0 508763
44 62 0 625532
44 63 0 3125587
44 64 0 462409
44 65 0 1238142
44 66 0 941181
44 67 0 5006167
44 68 0 310804
44 69 0 638424
44 70 0 2522466
44 71 0 583612
44 72 0 384634
44 73 0 1466868
44 74 0 114450
44 75 0 846048
44 76 0 569962
44 77 0 3110808
44 78 0 4217504
44 79 0 418152
44 80 0 137344
44 81 0 1086399
44 82 0 594571
44 83 0 804795
44 84 0 208682
44 85 0 260973
44 86 0 491270
44 87 0 517628
44 88 0 227112
44 89 0 783475
44 90 0 759540
44 91 0 70274
44 92 0 266710
44 93 0 121826
44 94 0 795144
44 95 0 118731
45 0 0 140181
45 1 0 507524
45 2 0 226434
45 3 0 316535
45 4 0 179549
45 5 0 280021
45 6 0 624230
45 7 0 301782
45 8 0 4048500
45 9 0 360863
45 10 0 263808
45 11 0 231017
45 12 0 482503
45 13 0 106233
45 14 0 772898
45 15 0 102111
45 16 0 364146
45 17 0 288639
45 18 0 355389
45 19 0 162159
45 20 0 148971
45 21 0 159947
45 22 0 238598
45 23 0 153728
45 24 0 185833
45 25 0 481816
45 26 0 187581
45 27 0 143654
45 28 0 277253
45 29 0 78488
45 30 0 246475
45 31 0 78387
45 32 0 167667
45 33 0 74932
45 34 0 164926
45 35 0 288224
45 36 0 199993
45 37 0 164382
45 38 0 323713
45 39 0 140016
45 40 0 325758
45 41 0 60701
45 42 0 316216
45 43 0 259539
45 44 0 285999
45 45 0 126859
45 46 0 706858
45 47 0 150306
45 48 0 105422
45 49 0 172783
45 50 0 261411
45 51 0 693170
45 52 0 214994
45 53 0 433052
45 54 0 3775203
45 55 0 233074
45 56 0 882306
45 57 0 2091397
45 58 0 217382
45 59 0 369028
45 60 0 4151858
45 61 0 308599
45 62 0 402749
45 63 0 2953997
45 64 0 205068
45 65 0 649006
45 66 0 465623
45 67 0 4057235
45 68 0 195313
45 69 0 264941
45 70 0 2150330
45 71 0 317995
45 72 0 677019
45 73 0 511634
45 74 0 263497
45 75 0 350153
45 76 0 300943
45 77 0 3287180
45 78 0 8746608
45 79 0 563193
45 80 0 88203
45 81 0 409083
45 82 0 468430
45 83 0 135563
45 84 0 236447
45 85 0 121678
45 86 0 199132
45 87 0 241137
45 88 0 261261
45 89 0 190567
45 90 0 723022
45 91 0 215231
45 92 0 127965
45 93 0 273903
45 94 0 389614
45 95 0 188633
46 0 0 137967
46 1 0 554943
46 2 0 173421
46 3 0 249072
46 4 0 161205
46 5 0 480486
46 6 0 522181
46 7 0 377719
46 8 0 363857
46 9 0 311879
46 10 0 397182
46 11 0 120062
46 12 0 270803
46 13 0 98792
46 14 0 612848
46 15 0 103930
46 16 0 274608
46 17 0 159574
46 18 0 286009
46 19 0 195358
46 20 0 245144
46 21 0 173795
46 22 0 278183
46 23 0 152647
46 24 0 303572
46 25 0 294350
46 26 0 148189
46 27 0 125116
46 28 0 102042
46 29 0 123517
46 30 0 250631
46 31 0 120142
46 32 0 201501
46 33 0 45304
46 34 0 329373
46 35 0 174080
46 36 0 399533
46 37 0 179194
46 38 0 251058
46 39 0 161937
46 40 0 303213
46 41 0 69221
46 42 0 230012
46 43 0 192169
46 44 0 166952
46 45 0 239724
46 46 0 323559
46 47 0 250833
46 48 0 349196
46 49 0 327730
46 50 0 213293
46 51 0 475525
46 52 0 172032
46 53 0 96672
46 54 0 1240292
46 55 0 299503
46 56 0 253354
46 57 0 1165881
46 58 0 357662
46 59 0 454471
46 60 0 867536
46 61 0 265690
46 62 0 203722
46 63 0 1155423
46 64 0 135067
46 65 0 933384
46 66 0 407599
46 67 0 1596044
46 68 0 183869
46 69 0 440863
46 70 0 990800
46 71 0 288361
46 72 1 499842
46 73 0 353732
46 74 0 135418
46 75 0 330121
46 76 0 214035
46 77 0 1413479
46 78 0 9420651
46 79 0 344709
46 80 0 132613
46 81 0 703566
46 82 0 197958
46 83 0 316638
46 84 0 256983
46 85 0 160899
46 86 0 283699
46 87 0 206656
46 88 0 155433
46 89 0 200899
46 90 0 333861
46 91 0 103009
46 92 0 154538
46 93 0 155950
46 94 0 184109
46 95 0 258131
47 0 0 160484
47 1 0 380460
47 2 0 143169
47 3 0 606462
47 4 0 199661
47 5 0 303208
47 6 0 292099
47 7 0 416618
47 8 0 6580958
47 9 0 775754
47 10 0 224669
47 11 0 265019
47 12 0 306484
47 13 0 172851
47 14 0 447150
47 15 0 153798
47 16 0 271485
47 17 0 120013
47 18 0 311593
47 19 0 232232
47 20 0 443487
47 21 0 82450
47 22 0 217002
47 23 0 164738
47 24 0 397116
47 25 0 317242
47 26 0 211923
47 27 0 112675
47 28 0 215522
47 29 0 118108
47 30 0 296024
47 31 0 116028
47 32 0 231281
47 33 0 123737
47 34 0 310185
47 35 0 109007
47 36 0 568190
47 37 0 195978
47 38 0 690549
47 39 0 192697
47 40 0 623892
47 41 0 95704
47 42 0 438722
47 43 0 367035
47 44 0 569969
47 45 0 320238
47 46 0 1377533
47 47 0 232922
47 48 0 307050
47 49 0 415778
47 50 0 380209
47 51 0 616562
47 52 0 177021
47 53 0 203912
47 54 0 5128397
47 55 1 1000104
47 56 0 174545
47 57 0 2141487
47 58 0 371277
47 59 0 450759
47 60 0 4786979
47 61 0 841160
47 62 0 337613
47 63 0 3014073
47 64 0 280235
47 65 0 409824
47 66 0 562749
47 67 0 4719857
47 68 0 196859
47 69 0 319221
47 70 0 2297319
47 71 0 506931
47 72 0 752713
47 73 0 1084797
47 74 0 343060
47 75 0 556951
47 76 0 104342
47 77 0 3108886
47 78 0 29874958
47 79 0 586800
47 80 0 97218
47 81 0 436225
47 82 0 202621
47 83 0 312812
47 84 0 265359
47 85 0 176039
47 86 0 176619
47 87 0 421758
47 88 0 184708
47 89 0 151616
47 90 0 250549
47 91 0 112293
47 92 0 111038
47 93 0 123248
47 94 0 302496
47 95 0 133413
48 0 0 217283
48 1 0 228685
48 2 0 250622
48 3 0 230302
48 4 0 254074
48 5 0 285834
48 6 0 199294
48 7 0 423739
48 8 0 772595
48 9 0 185794
48 10 0 130203
48 11 0 254327
48 12 0 412616
48 13 0 72670
48 14 0 370530
48 15 0 72386
48 16 0 196777
48 17 0 243962
48 18 0 483336
48 19 0 270441
48 20 0 263632
48 21 0 99752
48 22 0 225515
48 23 0 219148
48 24 0 167593
48 25 0 206554
48 26 0 262117
48 27 0 188713
48 28 0 172547
48 29 0 222523
48 30 0 161726
48 31 0 232013
48 32 0 247156
48 33 0 129247
48 34 0 255989
48 35 0 288677
48 36 0 255847
48 37 0 333805
48 38 0 496612
48 39 0 297831
48 40 0 248295
48 41 0 52683
48 42 0 160496
48 43 0 283240
48 44 0 221288
48 45 0 184662
48 46 0 460849
48 47 0 153036
48 48 0 333685
48 49 0 372460
48 50 0 175452
48 51 0 314082
48 52 0 216279
48 53 0 101810
48 54 0 1569291
48 55 0 264233
48 56 0 280529
48 57 0 1929492
48 58 0 156560
48 59 0 355034
48 60 0 1080434
48 61 0 250217
48 62 0 584263
48 63 0 1418267
48 64 0 100390
48 65 0 911947
48 66 0 313317
48 67 0 1544825
48 68 0 218194
48 69 0 253343
48 70 0 1072319
48 71 0 260200
48 72 0 383951
48 73 0 491888
48 74 0 211427
48 75 0 983782
48 76 0 147858
48 77 0 1326461
48 78 0 8505273
48 79 0 497600
48 80 0 222026
48 81 1 827717
48 82 0 392027
48 83 0 188539
48 84 0 139480
48 85 0 132016
48 86 0 214195
48 87 0 202205
48 88 0 124672
48 89 0 142255
48 90 0 242685
48 91 0 108554
48 92 0 283763
48 93 0 258533
48 94 0 218627
48 95 0 250729
49 0 0 157659
49 1 0 633656
49 2 0 235630
49 3 0 522461
49 4 0 162134
49 5 0 326573
49 6 0 475912
49 7 0 445501
49 8 0 5248648
49 9 0 460977
49 10 0 279898
49 11 0 295743
49 12 0 292446
49 13 0 46054
49 14 0 597092
49 15 0 46681
49 16 0 319200
49 17 0 247450
49 18 0 221908
49 19 0 282378
49 20 0 498042
49 21 0 158051
49 22 0 291055
49 23 0 219415
49 24 0 271870
49 25 0 192600
49 26 0 230261
49 27 0 140356
49 28 0 401684
49 29 0 231725
49 30 0 608430
49 31 0 226583
49 32 0 347645
49 33 0 85799
49 34 0 486173
49 35 0 239057
49 36 0 486689
49 37 1 546122
49 38 0 587975
49 39 0 310265
49 40 0 395293
49 41 0 75426
49 42 0 584647
49 43 0 256445
49 44 0 536010
49 45 0 169948
49 46 0 1251224
49 47 0 280949
49 48 0 255973
49 49 0 472972
49 50 0 245098
49 51 0 944787
49 52 0 224225
49 53 0 158098
49 54 0 4327917
49 55 0 257406
49 56 0 659019
49 57 0 2615203
49 58 0 359537
49 59 0 292212
49 60 0 3368666
49 61 0 247142
49 62 0 329417
49 63 0 2960567
49 64 0 342853
49 65 0 278927
49 66 0 586321
49 67 0 4248383
49 68 0 198873
49 69 0 191148
49 70 0 2272512
49 71 0 284636
49 72 0 499664
49 73 0 604999
49 74 0 158573
49 75 0 432038
49 76 0 233114
49 77 0 2850888
49 78 0 9309122
49 79 0 650547
49 80 0 200998
49 81 0 394839
49 82 0 513273
49 83 0 357744
49 84 0 169186
49 85 0 238994
49 86 0 303975
49 87 0 277617
49 88 0 244922
49 89 0 197271
49 90 0 361180
49 91 0 103318
49 92 0 417264
49 93 0 193450
49 94 0 239348
49 95 0 290447
50 0 0 219874
50 1 0 366410
50 2 0 104041
50 3 0 184630
50 4 0 214945
50 5 0 597220
50 6 0 253920
50 7 0 443116
50 8 0 3509168
50 9 0 162557
50 10 0 300889
50 11 0 153502
50 12 0 396428
50 13 0 51335
50 14 0 457060
50 15 0 48872
50 16 0 307622
50 17 0 155184
50 18 0 206917
50 19 0 210498
50 20 0 363591
50 21 0 77817
50 22 0 226242
50 23 0 118017
50 24 0 154643
50 25 0 223396
50 26 0 117091
50 27 0 156573
50 28 0 206868
50 29 0 177604
50 30 0 204536
50 31 0 181306
50 32 0 265603
50 33 0 93995
50 34 0 256012
50 35 0 144596
50 36 0 301894
50 37 0 556838
50 38 0 481086
50 39 0 378971
50 40 0 374874
50 41 0 90547
50 42 0 169150
50 43 0 170133
50 44 0 369717
50 45 0 468518
50 46 0 581192
50 47 0 313824
50 48 0 100241
50 49 0 265611
50 50 0 96302
50 51 0 711961
50 52 0 156762
50 53 0 147391
50 54 0 3087640
50 55 0 175576
50 56 0 795809
50 57 0 2736135
50 58 0 106849
50 59 0 138616
50 60 0 2516613
50 61 0 260111
50 62 0 192952
50 63 0 2453184
50 64 0 240132
50 65 0 772694
50 66 0 204458
50 67 0 2990916
50 68 0 267416
50 69 0 417124
50 70 0 1877095
50 71 0 247995
50 72 1 1163000
50 73 0 1082267
50 74 0 227875
50 75 0 285510
50 76 0 367014
50 77 0 2427509
50 78 0 4395615
50 79 0 504612
50 80 0 170818
50 81 0 502167
50 82 0 298193
50 83 0 271573
50 84 0 190591
50 85 0 277524
50 86 0 409562
50 87 0 198702
50 88 0 181379
50 89 0 796069
50 90 0 184224
50 91 0 104311
50 92 0 206619
50 93 0 111593
50 94 0 405162
50 95 0 135076
51 0 0 215608
51 1 0 616531
51 2 0 133417
51 3 0 270558
51 4 0 168309
51 5 0 226244
51 6 0 491820
51 7 0 661340
51 8 0 595527
51 9 0 213049
51 10 0 324323
51 11 0 94977
51 12 0 265223
51 13 0 85519
51 14 0 560298
51 15 0 72628
51 16 0 238308
51 17 0 183794
51 18 0 276742
51 19 0 138571
51 20 0 249651
51 21 0 95615
51 22 0 206333
51 23 0 113545
51 24 0 145072
51 25 0 201121
51 26 0 162541
51 27 0 175258
51 28 0 201516
51 29 0 133031
51 30 0 355214
51 31 0 123004
51 32 0 344471
51 33 0 104383
51 34 0 288182
51 35 0 162237
51 36 0 605598
51 37 0 217077
51 38 0 686164
51 39 0 122948
51 40 0 380892
51 41 0 104300
51 42 0 355891
51 43 0 174000
51 44 0 440874
51 45 0 161961
51 46 0 342967
51 47 0 322110
51 48 0 114292
51 49 0 179496
51 50 0 126580
51 51 0 888248
51 52 0 86745
51 53 0 182916
51 54 0 2087324
51 55 0 173803
51 56 0 443743
51 57 0 1483945
51 58 0 284876
51 59 0 452235
51 60 0 1205589
51 61 0 326425
51 62 0 262159
51 63 0 1469300
51 64 0 300411
51 65 0 447511
51 66 0 283669
51 67 0 1802020
51 68 0 308478
51 69 0 326823
51 70 0 1186679
51 71 0 379851
51 72 0 594387
51 73 0 828003
51 74 0 294337
51 75 0 621433
51 76 0 296068
51 77 0 1565244
51 78 0 15388742
51 79 0 177630
51 80 0 137911
51 81 0 245898
51 82 0 168667
51 83 0 536519
51 84 0 207603
51 85 0 251554
51 86 0 308969
51 87 0 298646
51 88 0 142500
51 89 0 204450
51 90 0 310881
51 91 0 125897
51 92 0 185236
51 93 0 71371
51 94 0 246007
51 95 0 101764
52 0 0 349199
52 1 0 727074
52 2 0 161452
52 3 0 375880
52 4 0 191468
52 5 0 329369
52 6 0 570322
52 7 0 450165
52 8 0 6474230
52 9 0 234372
52 10 0 332243
52 11 0 254655
52 12 0 208680
52 13 0 138364
52 14 0 322038
52 15 0 155990
52 16 0 369264
52 17 0 208972
52 18 0 447054
52 19 0 88636
52 20 0 250305
52 21 0 139294
52 22 0 317543
52 23 0 108248
52 24 0 485770
52 25 0 158615
52 26 0 393484
52 27 0 167497
52 28 0 348614
52 29 0 232208
52 30 0 449539
52 31 0 246712
52 32 0 267384
52 33 0 87147
52 34 0 237325
52 35 0 238291
52 36 0 328241
52 37 0 223362
52 38 0 437302
52 39 0 341333
52 40 0 263440
52 41 0 76520
52 42 0 577399
52 43 1 557757
52 44 0 377173
52 45 0 343050
52 46 0 1757686
52 47 0 239390
52 48 0 150185
52 49 1 962459
52 50 0 142260
52 51 0 552827
52 52 0 124286
52 53 0 160779
52 54 0 5175014
52 55 0 231703
52 56 0 341789
52 57 0 1369373
52 58 0 236218
52 59 0 516215
52 60 0 4765744
52 61 0 459350
52 62 0 377845
52 63 0 2562138
52 64 0 162077
52 65 0 271927
52 66 0 254489
52 67 0 3628510
52 68 0 239393
52 69 0 312551
52 70 0 2045203
52 71 0 236046
52 72 0 319525
52 73 0 307629
52 74 0 255875
52 75 0 302827
52 76 0 287748
52 77 0 2649648
52 78 0 11892007
52 79 0 374783
52 80 0 235237
52 81 0 225184
52 82 0 195929
52 83 0 1119684
52 84 0 239829
52 85 0 212918
52 86 0 424652
52 87 0 260300
52 88 0 299840
52 89 0 243136
52 90 0 504859
52 91 0 154674
52 92 0 166495
52 93 0 176121
52 94 0 1039882
52 95 0 170164
53 0 0 147347
53 1 0 414193
53 2 0 354153
53 3 0 533424
53 4 0 110541
53 5 0 249152
53 6 0 493404
53 7 0 211376
53 8 0 642427
53 9 0 392017
53 10 0 148215
53 11 0 177899
53 12 0 318131
53 13 0 164441
53 14 0 226296
53 15 0 163742
53 16 0 440824
53 17 0 350632
53 18 0 253130
53 19 0 163025
53 20 0 211071
53 21 0 78718
53 22 0 288635
53 23 0 100602
53 24 0 135035
53 25 0 146272
53 26 0 215918
53 27 0 155040
53 28 0 99106
53 29 0 178118
53 30 0 176154
53 31 0 191037
53 32 0 158062
53 33 0 81907
53 34 0 364599
53 35 0 162481
53 36 0 476782
53 37 0 195168
53 38 0 140589
53 39 0 165422
53 40 0 220450
53 41 0 43981
53 42 0 335062
53 43 0 192855
53 44 0 540795
53 45 0 152019
53 46 0 416219
53 47 1 583560
53 48 0 257915
53 49 0 221894
53 50 0 183402
53 51 0 753649
53 52 0 86075
53 53 0 201341
53 54 0 1301118
53 55 0 418724
53 56 0 304099
53 57 0 1206423
53 58 0 302920
53 59 0 480958
53 60 0 803001
53 61 0 295438
53 62 0 714595
53 63 0 1242116
53 64 0 242321
53 65 0 544930
53 66 0 185826
53 67 0 1339068
53 68 0 288961
53 69 0 852184
53 70 0 941292
53 71 0 291336
53 72 0 432503
53 73 0 317025
53 74 0 185401
53 75 0 409460
53 76 0 302469
53 77 0 1189275
53 78 0 11568740
53 79 0 412138
53 80 0 193420
53 81 0 437810
53 82 0 306382
53 83 0 995104
53 84 0 184325
53 85 0 237351
53 86 0 152378
53 87 0 304902
53 88 0 174865
53 89 0 109475
53 90 0 405738
53 91 0 109604
53 92 0 227702
53 93 0 132098
53 94 0 172819
53 95 0 194362
54 0 0 163444
54 1 0 368982
54 2 0 196215
54 3 0 306712
54 4 0 78266
54 5 0 148248
54 6 0 1475568
54 7 0 369439
54 8 0 5981575
54 9 0 698228
54 10 0 222648
54 11 0 199638
54 12 0 216226
54 13 0 149799
54 14 0 1227839
54 15 0 148881
54 16 0 200431
54 17 0 150584
54 18 0 403812
54 19 0 190678
54 20 0 479691
54 21 0 95417
54 22 0 235374
54 23 0 224233
54 24 1 382474
54 25 0 410075
54 26 0 372472
54 27 0 305244
54 28 0 126021
54 29 0 148517
54 30 0 268323
54 31 0 153162
54 32 0 145513
54 33 0 108486
54 34 0 333850
54 35 0 171202
54 36 0 333922
54 37 0 278235
54 38 0 273152
54 39 0 234192
54 40 0 220574
54 41 0 66322
54 42 0 323325
54 43 0 204590
54 44 0 337065
54 45 0 287441
54 46 0 798720
54 47 0 437827
54 48 0 280208
54 49 0 184150
54 50 0 220516
54 51 0 401706
54 52 0 133585
54 53 0 147321
54 54 0 4927629
54 55 0 147240
54 56 0 392781
54 57 0 2670034
54 58 0 202010
54 59 0 606814
54 60 0 3776497
54 61 0 241485
54 62 0 788294
54 63 0 2884124
54 64 0 265683
54 65 0 454101
54 66 1 1040804
54 67 0 4819248
54 68 0 146956
54 69 0 234005
54 70 0 2264031
54 71 0 217416
54 72 0 400547
54 73 0 492114
54 74 0 125313
54 75 0 444912
54 76 0 302008
54 77 0 3312313
54 78 0 4515786
54 79 0 185635
54 80 0 147826
54 81 0 266322
54 82 0 216681
54 83 0 373570
54 84 0 270700
54 85 0 132596
54 86 0 488309
54 87 0 277194
54 88 0 134606
54 89 0 340913
54 90 0 826860
54 91 0 85010
54 92 0 243831
54 93 0 155737
54 94 0 247099
54 95 0 303419
55 0 0 273953
55 1 0 901234
55 2 0 269711
55 3 0 357400
55 4 0 258297
55 5 0 386023
55 6 0 627828
55 7 0 787814
55 8 0 3314738
55 9 0 533209
55 10 0 410394
55 11 0 120342
55 12 0 434190
55 13 0 128063
55 14 0 819713
55 15 0 143234
55 16 0 389730
55 17 0 207336
55 18 0 321883
55 19 0 223987
55 20 0 621036
55 21 0 78526
55 22 0 386806
55 23 0 297535
55 24 0 566523
55 25 0 161541
55 26 0 218490
55 27 0 120197
55 28 0 184518
55 29 0 132567
55 30 0 455081
55 31 0 141131
55 32 0 180500
55 33 0 94194
55 34 0 481824
55 35 0 192368
55 36 0 795545
55 37 0 246375
55 38 0 468919
55 39 0 244097
55 40 0 329454
55 41 0 73047
55 42 0 974000
55 43 0 300404
55 44 0 503727
55 45 0 259663
55 46 0 306666
55 47 0 205300
55 48 0 231063
55 49 0 188628
55 50 0 48953
55 51 1 1776774
55 52 0 189323
55 53 0 129282
55 54 0 1845677
55 55 0 670739
55 56 0 542322
55 57 0 1727274
55 58 0 267626
55 59 0 248208
55 60 0 1950633
55 61 0 277506
55 62 0 287810
55 63 0 1380981
55 64 0 236067
55 65 1 1573458
55 66 0 648275
55 67 0 2390607
55 68 0 209308
55 69 0 399233
55 70 0 1027800
55 71 0 294285
55 72 0 779029
55 73 0 491159
55 74 0 275726
55 75 0 360374
55 76 0 440312
55 77 0 1604288
55 78 0 10036702
55 79 0 216595
55 80 0 134518
55 81 0 216841
55 82 0 748942
55 83 0 391539
55 84 0 386055
55 85 0 138990
55 86 1 794932
55 87 0 372475
55 88 0 205302
55 89 0 290879
55 90 0 475274
55 91 0 105102
55 92 0 299220
55 93 0 169863
55 94 0 201842
55 95 0 114449
56 0 0 183062
56 1 0 292518
56 2 0 162676
56 3 0 336902
56 4 0 120065
56 5 0 275005
56 6 0 458375
56 7 0 277902
56 8 0 715799
56 9 0 228755
56 10 0 165608
56 11 0 163709
56 12 0 144193
56 13 0 100051
56 14 0 695658
56 15 0 100637
56 16 0 122954
56 17 0 274910
56 18 0 433402
56 19 0 300507
56 20 0 412897
56 21 0 110904
56 22 0 164114
56 23 0 199080
56 24 0 217612
56 25 0 153422
56 26 0 155742
56 27 0 83939
56 28 0 99620
56 29 0 107733
56 30 0 179875
56 31 0 105900
56 32 0 219086
56 33 0 80099
56 34 0 412256
56 35 0 117478
56 36 0 339688
56 37 0 167085
56 38 0 319564
56 39 0 212541
56 40 0 311103
56 41 0 85582
56 42 0 781571
56 43 0 421733
56 44 1 529631
56 45 0 140917
56 46 0 297065
56 47 0 233845
56 48 0 442281
56 49 0 257761
56 50 0 150607
56 51 0 487370
56 52 0 215264
56 53 0 163451
56 54 0 1213448
56 55 0 205897
56 56 1 998905
56 57 0 1186972
56 58 0 149687
56 59 0 204796
56 60 0 834357
56 61 0 240637
56 62 1 661299
56 63 0 1078034
56 64 0 360910
56 65 0 845955
56 66 0 650894
56 67 0 1314002
56 68 0 219222
56 69 0 409099
56 70 0 945920
56 71 0 241724
56 72 1 1539645
56 73 0 376755
56 74 0 165939
56 75 0 490511
56 76 0 191760
56 77 0 1236172
56 78 0 4142479
56 79 0 387137
56 80 0 134874
56 81 0 332676
56 82 0 436364
56 83 0 308786
56 84 0 141937
56 85 0 158762
56 86 0 149771
56 87 0 219605
56 88 0 122120
56 89 0 456376
56 90 0 249624
56 91 0 108860
56 92 0 106633
56 93 0 198056
56 94 0 281778
56 95 0 270856
57 0 0 154280
57 1 0 425204
57 2 0 403391
57 3 0 335051
57 4 0 274381
57 5 0 323227
57 6 0 715800
57 7 1 832745
57 8 0 7313138
57 9 0 663741
57 10 0 351110
57 11 0 237008
57 12 0 222163
57 13 0 134210
57 14 0 317582
57 15 0 140387
57 16 0 136377
57 17 0 108816
57 18 0 526693
57 19 0 150197
57 20 0 411042
57 21 0 144752
57 22 0 237948
57 23 0 121453
57 24 0 427427
57 25 0 124138
57 26 0 229888
57 27 0 146574
57 28 0 293004
57 29 0 253176
57 30 0 392394
57 31 0 267088
57 32 0 161015
57 33 0 43919
57 34 0 227656
57 35 0 175895
57 36 0 323461
57 37 0 188590
57 38 0 359407
57 39 0 173576
57 40 0 480068
57 41 0 76056
57 42 0 251946
57 43 0 169418
57 44 0 495389
57 45 0 145748
57 46 0 918544
57 47 0 317895
57 48 0 236261
57 49 0 323040
57 50 0 162890
57 51 0 1334502
57 52 0 181530
57 53 0 145719
57 54 0 6510617
57 55 0 194451
57 56 0 106547
57 57 0 2221151
57 58 0 175944
57 59 0 161995
57 60 0 5685233
57 61 0 358848
57 62 0 964101
57 63 0 3310258
57 64 0 523678
57 65 0 1545454
57 66 0 574622
57 67 0 5193493
57 68 0 408423
57 69 0 243513
57 70 0 2589223
57 71 0 573634
57 72 0 247298
57 73 1 1387233
57 74 0 267816
57 75 0 746164
57 76 0 205346
57 77 0 3299136
57 78 0 6447554
57 79 0 421122
57 80 0 259729
57 81 0 382513
57 82 0 472235
57 83 0 436470
57 84 0 210747
57 85 0 217758
57 86 0 141645
57 87 0 339288
57 88 0 193804
57 89 0 178043
57 90 0 380115
57 91 0 199555
57 92 0 495539
57 93 0 226823
57 94 1 856475
57 95 0 203640
58 0 0 151527
58 1 0 414401
58 2 0 395845
58 3 0 322883
58 4 0 202463
58 5 0 308779
58 6 0 339348
58 7 0 348825
58 8 0 679921
58 9 0 257580
58 10 0 217333
58 11 0 174557
58 12 0 129298
58 13 0 79135
58 14 0 423430
58 15 0 69856
58 16 0 177560
58 17 0 354149
58 18 0 577381
58 19 0 204968
58 20 0 470648
58 21 0 145159
58 22 0 305471
58 23 0 163990
58 24 0 387905
58 25 0 197182
58 26 0 176223
58 27 0 203085
58 28 0 227356
58 29 0 151446
58 30 0 449840
58 31 0 144698
58 32 0 367662
58 33 0 82441
58 34 0 388630
58 35 0 150040
58 36 0 443946
58 37 0 284724
58 38 0 279513
58 39 0 132332
58 40 0 405493
58 41 0 99654
58 42 0 995348
58 43 0 369524
58 44 0 608155
58 45 0 211847
58 46 0 326250
58 47 0 310031
58 48 0 647720
58 49 0 445614
58 50 0 233606
58 51 0 641937
58 52 0 263064
58 53 0 224653
58 54 0 1269663
58 55 0 342318
58 56 0 232658
58 57 0 1648903
58 58 0 341256
58 59 0 709262
58 60 0 1126554
58 61 0 337748
58 62 0 797530
58 63 0 1388164
58 64 0 332582
58 65 0 401546
58 66 0 355765
58 67 0 1422290
58 68 0 220488
58 69 0 717657
58 70 0 906865
58 71 1 874217
58 72 0 651259
58 73 0 1034391
58 74 0 115566
58 75 0 1057694
58 76 0 339544
58 77 0 1464893
58 78 0 3003113
58 79 1 998493
58 80 0 121884
58 81 0 296147
58 82 0 283118
58 83 1 894497
58 84 0 212650
58 85 0 484130
58 86 0 237343
58 87 0 357301
58 88 0 233371
58 89 0 344622
58 90 0 237268
58 91 0 177128
58 92 0 146717
58 93 0 167216
58 94 0 135942
58 95 0 208200
59 0 0 134912
59 1 0 535900
59 2 0 172324
59 3 0 355180
59 4 0 199035
59 5 0 389451
59 6 0 270332
59 7 0 242612
59 8 0 4882509
59 9 0 624030
59 10 0 323006
59 11 0 216842
59 12 0 374167
59 13 0 293097
59 14 0 368998
59 15 0 287075
59 16 0 329350
59 17 0 226387
59 18 0 408485
59 19 0 256931
59 20 0 274764
59 21 0 69554
59 22 0 163119
59 23 0 195725
59 24 0 196169
59 25 0 372966
59 26 0 232318
59 27 0 150597
59 28 0 155752
59 29 0 103279
59 30 0 232792
59 31 0 101102
59 32 0 350486
59 33 0 107947
59 34 0 256973
59 35 0 115458
59 36 0 300631
59 37 0 283519
59 38 0 323220
59 39 0 402462
59 40 0 291150
59 41 0 71711
59 42 0 386378
59 43 0 154412
59 44 0 317969
59 45 0 318715
59 46 0 1344702
59 47 0 152125
59 48 0 169439
59 49 0 189741
59 50 0 303070
59 51 0 755701
59 52 0 202137
59 53 0 175917
59 54 0 4316474
59 55 0 211888
59 56 0 570052
59 57 0 2483659
59 58 0 282451
59 59 0 188041
59 60 0 3119447
59 61 0 469318
59 62 0 471097
59 63 0 2029562
59 64 0 89360
59 65 0 357901
59 66 1 1183130
59 67 0 3078390
59 68 0 98357
59 69 0 232991
59 70 0 1508079
59 71 0 188140
59 72 0 521877
59 73 0 358567
59 74 0 158237
59 75 0 561259
59 76 0 255404
59 77 0 2320972
59 78 0 5222889
59 79 0 399717
59 80 0 93979
59 81 0 451863
59 82 0 279520
59 83 0 302477
59 84 0 369521
59 85 0 104994
59 86 0 369575
59 87 0 370798
59 88 0 96129
59 89 0 230671
59 90 0 672793
59 91 0 80613
59 92 0 460673
59 93 0 195240
59 94 0 688562
59 95 0 80370
